-3.000000 1.000000 83.041020
-3.000000 1.200000 79.519100
-3.000000 1.400000 77.998590
-3.000000 1.600000 77.355040
-3.000000 1.800000 77.397470
-3.000000 2.000000 78.104680
-3.000000 2.200000 78.394650
-3.000000 2.400000 78.437070
-3.000000 2.600000 78.323920
-3.000000 2.800000 78.500730
-3.000000 3.000000 78.345120
-2.700000 1.000000 82.850050
-2.700000 1.200000 79.271570
-2.700000 1.400000 79.434230
-2.700000 1.600000 76.916560
-2.700000 1.800000 76.626590
-2.700000 2.000000 76.520510
-2.700000 2.200000 76.527580
-2.700000 2.400000 77.284310
-2.700000 2.600000 77.376250
-2.700000 2.800000 78.359280
-2.700000 3.000000 78.302680
-2.400000 1.000000 80.806210
-2.400000 1.200000 79.123060
-2.400000 1.400000 78.444130
-2.400000 1.600000 76.619520
-2.400000 1.800000 76.796340
-2.400000 2.000000 76.527590
-2.400000 2.200000 76.018390
-2.400000 2.400000 74.724200
-2.400000 2.600000 74.639320
-2.400000 2.800000 74.625170
-2.400000 3.000000 74.490800
-2.100000 1.000000 81.265910
-2.100000 1.200000 78.762390
-2.100000 1.400000 79.080620
-2.100000 1.600000 76.074980
-2.100000 1.800000 76.053750
-2.100000 2.000000 76.166920
-2.100000 2.200000 75.198030
-2.100000 2.400000 74.780770
-2.100000 2.600000 74.681760
-2.100000 2.800000 74.646390
-2.100000 3.000000 74.264490
-1.800000 1.000000 77.885420
-1.800000 1.200000 78.486550
-1.800000 1.400000 78.691650
-1.800000 1.600000 75.579920
-1.800000 1.800000 74.391800
-1.800000 2.000000 74.441310
-1.800000 2.200000 74.915120
-1.800000 2.400000 74.674680
-1.800000 2.600000 74.476690
-1.800000 2.800000 74.377660
-1.800000 3.000000 74.497870
-1.500000 1.000000 77.029720
-1.500000 1.200000 77.305510
-1.500000 1.400000 79.490800
-1.500000 1.600000 77.652050
-1.500000 1.800000 75.339460
-1.500000 2.000000 74.886860
-1.500000 2.200000 75.007080
-1.500000 2.400000 74.512030
-1.500000 2.600000 74.582740
-1.500000 2.800000 74.773700
-1.500000 3.000000 74.681760
-1.200000 1.000000 77.093350
-1.200000 1.200000 75.106080
-1.200000 1.400000 78.649220
-1.200000 1.600000 78.429980
-1.200000 1.800000 75.254620
-1.200000 2.000000 75.120230
-1.200000 2.200000 75.099020
-1.200000 2.400000 74.901010
-1.200000 2.600000 74.674690
-1.200000 2.800000 75.615290
-1.200000 3.000000 74.872710
-0.900000 1.000000 77.475250
-0.900000 1.200000 75.940610
-0.900000 1.400000 74.193760
-0.900000 1.600000 73.295620
-0.900000 1.800000 74.342280
-0.900000 2.000000 75.226310
-0.900000 2.200000 74.335210
-0.900000 2.400000 74.434220
-0.900000 2.600000 75.106090
-0.900000 2.800000 74.405940
-0.900000 3.000000 75.007080
-0.600000 1.000000 78.253180
-0.600000 1.200000 75.799170
-0.600000 1.400000 74.243280
-0.600000 1.600000 73.345110
-0.600000 1.800000 73.231970
-0.600000 2.000000 74.872710
-0.600000 2.200000 74.915150
-0.600000 2.400000 75.049510
-0.600000 2.600000 75.127320
-0.600000 2.800000 74.830300
-0.600000 3.000000 73.769440
-0.300000 1.000000 78.444150
-0.300000 1.200000 75.353610
-0.300000 1.400000 74.285700
-0.300000 1.600000 73.847240
-0.300000 1.800000 71.930690
-0.300000 2.000000 72.135800
-0.300000 2.200000 74.589820
-0.300000 2.400000 74.632260
-0.300000 2.600000 74.717130
-0.300000 2.800000 75.070740
-0.300000 3.000000 75.332400
0.000000 1.000000 77.390380
0.000000 1.200000 75.643550
0.000000 1.400000 74.179610
0.000000 1.600000 74.377650
0.000000 1.800000 72.814680
0.000000 2.000000 72.376230
0.000000 2.200000 74.427160
0.000000 2.400000 74.165500
0.000000 2.600000 72.050920
0.000000 2.800000 72.779330
0.000000 3.000000 74.292810
