-2.000000 1.000000 76.046680
-2.000000 1.150000 66.760960
-2.000000 1.300000 70.770850
-2.000000 1.450000 53.104670
-2.000000 1.600000 62.149930
-2.000000 1.750000 66.400300
-2.000000 1.900000 61.357850
-2.000000 2.050000 61.294200
-2.000000 2.200000 61.145680
-2.000000 2.350000 61.131540
-2.000000 2.500000 65.325310
-1.800000 1.000000 76.874110
-1.800000 1.150000 71.336640
-1.800000 1.300000 66.810470
-1.800000 1.450000 56.888260
-1.800000 1.600000 61.647810
-1.800000 1.750000 61.570020
-1.800000 1.900000 65.346550
-1.800000 2.050000 50.148540
-1.800000 2.200000 56.690230
-1.800000 2.350000 60.891100
-1.800000 2.500000 65.643560
-1.600000 1.000000 75.721370
-1.600000 1.150000 74.512030
-1.600000 1.300000 75.961790
-1.600000 1.450000 59.639340
-1.600000 1.600000 65.707220
-1.600000 1.750000 52.284310
-1.600000 1.900000 47.630820
-1.600000 2.050000 56.379060
-1.600000 2.200000 69.844400
-1.600000 2.350000 47.899580
-1.600000 2.500000 57.326740
-1.400000 1.000000 75.997170
-1.400000 1.150000 74.335230
-1.400000 1.300000 73.818960
-1.400000 1.450000 71.987280
-1.400000 1.600000 70.289970
-1.400000 1.750000 52.241900
-1.400000 1.900000 54.455460
-1.400000 2.050000 70.233400
-1.400000 2.200000 70.509200
-1.400000 2.350000 71.018400
-1.400000 2.500000 66.845830
-1.200000 1.000000 75.975960
-1.200000 1.150000 73.677510
-1.200000 1.300000 72.616690
-1.200000 1.450000 68.917960
-1.200000 1.600000 70.700140
-1.200000 1.750000 65.848660
-1.200000 1.900000 52.100420
-1.200000 2.050000 61.265910
-1.200000 2.200000 61.244690
-1.200000 2.350000 68.613870
-1.200000 2.500000 65.558680
-1.000000 1.000000 75.509180
-1.000000 1.150000 73.514870
-1.000000 1.300000 72.743990
-1.000000 1.450000 71.428600
-1.000000 1.600000 45.968880
-1.000000 1.750000 43.246120
-1.000000 1.900000 45.205100
-1.000000 2.050000 41.372000
-1.000000 2.200000 40.495050
-1.000000 2.350000 40.947670
-1.000000 2.500000 45.629420
-0.800000 1.000000 75.240440
-0.800000 1.150000 72.637900
-0.800000 1.300000 72.545970
-0.800000 1.450000 71.527580
-0.800000 1.600000 68.988680
-0.800000 1.750000 64.766640
-0.800000 1.900000 68.429980
-0.800000 2.050000 74.398890
-0.800000 2.200000 74.646380
-0.800000 2.350000 73.210750
-0.800000 2.500000 72.390380
-0.600000 1.000000 75.141440
-0.600000 1.150000 73.620940
-0.600000 1.300000 72.178220
-0.600000 1.450000 71.046670
-0.600000 1.600000 69.483750
-0.600000 1.750000 70.282890
-0.600000 1.900000 61.584160
-0.600000 2.050000 72.199430
-0.600000 2.200000 74.031120
-0.600000 2.350000 73.606770
-0.600000 2.500000 74.964640
-0.400000 1.000000 75.530400
-0.400000 1.150000 73.550210
-0.400000 1.300000 72.397460
-0.400000 1.450000 71.166900
-0.400000 1.600000 70.056580
-0.400000 1.750000 69.547390
-0.400000 1.900000 56.117410
-0.400000 2.050000 64.186720
-0.400000 2.200000 56.994360
-0.400000 2.350000 66.272980
-0.400000 2.500000 71.612440
-0.200000 1.000000 74.858540
-0.200000 1.150000 73.762370
-0.200000 1.300000 72.390390
-0.200000 1.450000 71.322500
-0.200000 1.600000 70.297020
-0.200000 1.750000 68.896740
-0.200000 1.900000 61.018400
-0.200000 2.050000 60.643570
-0.200000 2.200000 68.380490
-0.200000 2.350000 69.165500
-0.200000 2.500000 65.997190
0.000000 1.000000 74.752490
0.000000 1.150000 73.239040
0.000000 1.300000 71.881200
0.000000 1.450000 71.400290
0.000000 1.600000 69.448370
0.000000 1.750000 65.148520
0.000000 1.900000 69.398880
0.000000 2.050000 69.611040
0.000000 2.200000 68.444130
0.000000 2.350000 69.193790
0.000000 2.500000 70.346540
