0.03 0.1 61.500000 83.4694 
0.03 0.2 62.000000 83.4694 
0.03 0.3 62.000000 83.6735 
0.03 0.4 62.000000 83.6735 
0.03 0.5 62.000000 83.6735 
0.03 0.6 62.000000 83.6735 
0.03 0.7 62.500000 83.4694 
0.03 0.8 63.000000 83.8776 
0.06 0.1 63.500000 83.0612 
0.06 0.2 64.000000 83.2653 
0.06 0.3 64.000000 83.0612 
0.06 0.4 65.000000 83.2653 
0.06 0.5 65.000000 83.2653 
0.06 0.6 65.000000 83.4694 
0.06 0.7 65.000000 83.2653 
0.06 0.8 65.500000 83.2653 
0.09 0.1 66.000000 83.0612 
0.09 0.2 66.500000 83.0612 
0.09 0.3 66.500000 83.0612 
0.09 0.4 66.500000 83.0612 
0.09 0.5 66.500000 83.2653 
0.09 0.6 67.000000 83.2653 
0.09 0.7 67.000000 83.4694 
0.09 0.8 67.000000 83.4694 
0.12 0.1 67.000000 83.2653 
0.12 0.2 67.000000 83.6735 
0.12 0.3 67.000000 83.6735 
0.12 0.4 67.000000 83.8776 
0.12 0.5 67.000000 83.8776 
0.12 0.6 68.500000 83.8776 
0.12 0.7 68.500000 84.0816 
0.12 0.8 68.500000 84.0816 
0.15 0.1 67.500000 83.4694 
0.15 0.2 68.000000 83.8776 
0.15 0.3 69.000000 84.0816 
0.15 0.4 69.000000 83.8776 
0.15 0.5 69.500000 84.0816 
0.15 0.6 70.000000 84.2857 
0.15 0.7 70.000000 84.0816 
0.15 0.8 70.500000 84.0816 
0.18 0.1 68.500000 83.4694 
0.18 0.2 69.000000 84.0816 
0.18 0.3 69.000000 84.0816 
0.18 0.4 69.000000 83.8776 
0.18 0.5 71.000000 84.2857 
0.18 0.6 71.000000 84.2857 
0.18 0.7 71.500000 84.0816 
0.18 0.8 71.000000 83.8776 
0.21 0.1 69.500000 83.2653 
0.21 0.2 70.000000 83.6735 
0.21 0.3 70.000000 83.8776 
0.21 0.4 71.000000 84.2857 
0.21 0.5 71.000000 84.2857 
0.21 0.6 71.500000 84.4898 
0.21 0.7 72.000000 83.8776 
0.21 0.8 71.500000 83.8776 
0.24 0.1 70.500000 83.8776 
0.24 0.2 71.000000 83.6735 
0.24 0.3 73.000000 84.0816 
0.24 0.4 72.500000 84.2857 
0.24 0.5 75.000000 84.6939 
0.24 0.6 75.000000 84.4898 
0.24 0.7 75.500000 84.4898 
0.24 0.8 75.500000 84.6939 
