-2.000000 1.000000 84.157880
-2.000000 1.150000 83.947360
-2.000000 1.300000 83.947360
-2.000000 1.450000 83.947360
-2.000000 1.600000 83.947360
-2.000000 1.750000 83.947360
-2.000000 1.900000 83.947360
-2.000000 2.050000 83.947360
-2.000000 2.200000 83.947360
-2.000000 2.350000 83.947360
-2.000000 2.500000 83.947360
-1.800000 1.000000 84.157880
-1.800000 1.150000 83.947360
-1.800000 1.300000 83.947360
-1.800000 1.450000 83.947360
-1.800000 1.600000 83.947360
-1.800000 1.750000 83.947360
-1.800000 1.900000 83.947360
-1.800000 2.050000 83.947360
-1.800000 2.200000 83.947360
-1.800000 2.350000 83.947360
-1.800000 2.500000 83.947360
-1.600000 1.000000 84.157880
-1.600000 1.150000 83.947360
-1.600000 1.300000 83.947360
-1.600000 1.450000 83.947360
-1.600000 1.600000 83.947360
-1.600000 1.750000 83.947360
-1.600000 1.900000 83.947360
-1.600000 2.050000 83.947360
-1.600000 2.200000 83.947360
-1.600000 2.350000 83.947360
-1.600000 2.500000 83.947360
-1.400000 1.000000 84.157880
-1.400000 1.150000 83.947360
-1.400000 1.300000 83.947360
-1.400000 1.450000 83.947360
-1.400000 1.600000 83.947360
-1.400000 1.750000 83.947360
-1.400000 1.900000 83.947360
-1.400000 2.050000 83.947360
-1.400000 2.200000 83.947360
-1.400000 2.350000 83.947360
-1.400000 2.500000 83.947360
-1.200000 1.000000 84.157880
-1.200000 1.150000 83.947360
-1.200000 1.300000 83.947360
-1.200000 1.450000 83.947360
-1.200000 1.600000 83.947360
-1.200000 1.750000 83.947360
-1.200000 1.900000 83.947360
-1.200000 2.050000 83.947360
-1.200000 2.200000 83.947360
-1.200000 2.350000 83.947360
-1.200000 2.500000 83.947360
-1.000000 1.000000 84.315790
-1.000000 1.150000 83.999980
-1.000000 1.300000 84.157880
-1.000000 1.450000 84.157880
-1.000000 1.600000 84.157880
-1.000000 1.750000 84.157880
-1.000000 1.900000 84.157880
-1.000000 2.050000 84.157880
-1.000000 2.200000 84.157880
-1.000000 2.350000 84.157880
-1.000000 2.500000 84.157880
-0.800000 1.000000 84.157890
-0.800000 1.150000 83.842100
-0.800000 1.300000 83.631570
-0.800000 1.450000 83.631570
-0.800000 1.600000 83.631570
-0.800000 1.750000 83.578940
-0.800000 1.900000 83.578940
-0.800000 2.050000 83.578940
-0.800000 2.200000 83.578940
-0.800000 2.350000 83.578940
-0.800000 2.500000 83.578940
-0.600000 1.000000 83.631560
-0.600000 1.150000 83.578930
-0.600000 1.300000 82.894740
-0.600000 1.450000 82.789480
-0.600000 1.600000 82.684220
-0.600000 1.750000 82.789480
-0.600000 1.900000 82.894740
-0.600000 2.050000 82.894740
-0.600000 2.200000 82.894740
-0.600000 2.350000 82.894740
-0.600000 2.500000 82.894740
-0.400000 1.000000 83.526310
-0.400000 1.150000 83.736830
-0.400000 1.300000 82.631590
-0.400000 1.450000 82.421060
-0.400000 1.600000 82.789480
-0.400000 1.750000 82.894740
-0.400000 1.900000 82.842110
-0.400000 2.050000 82.789480
-0.400000 2.200000 82.789480
-0.400000 2.350000 82.789480
-0.400000 2.500000 82.789480
-0.200000 1.000000 83.631570
-0.200000 1.150000 83.526300
-0.200000 1.300000 82.736850
-0.200000 1.450000 82.631590
-0.200000 1.600000 82.526330
-0.200000 1.750000 82.578960
-0.200000 1.900000 82.631590
-0.200000 2.050000 82.789480
-0.200000 2.200000 82.736850
-0.200000 2.350000 82.736850
-0.200000 2.500000 82.736850
0.000000 1.000000 83.578950
0.000000 1.150000 83.263150
0.000000 1.300000 82.631590
0.000000 1.450000 82.631590
0.000000 1.600000 82.684220
0.000000 1.750000 82.631590
0.000000 1.900000 82.631590
0.000000 2.050000 82.736850
0.000000 2.200000 82.736850
0.000000 2.350000 82.736850
0.000000 2.500000 82.736850
