-2.000000 1.000000 89.537040
-2.000000 1.100000 89.907410
-2.000000 1.300000 91.296300
-2.000000 1.400000 92.708350
-2.000000 1.600000 96.550920
-2.000000 1.800000 97.569440
-2.000000 1.900000 97.731480
-2.000000 2.000000 98.518510
-2.000000 2.200000 98.472210
-2.000000 2.400000 97.731470
-2.000000 2.500000 97.546280
-1.800000 1.000000 89.814820
-1.800000 1.100000 90.092590
-1.800000 1.300000 91.296300
-1.800000 1.400000 93.055570
-1.800000 1.600000 97.222210
-1.800000 1.800000 97.569440
-1.800000 1.900000 97.731480
-1.800000 2.000000 98.518510
-1.800000 2.200000 98.472210
-1.800000 2.400000 97.731470
-1.800000 2.500000 97.546280
-1.600000 1.000000 89.791670
-1.600000 1.100000 89.814810
-1.600000 1.300000 91.435190
-1.600000 1.400000 93.217600
-1.600000 1.600000 97.222210
-1.600000 1.800000 97.569440
-1.600000 1.900000 97.476850
-1.600000 2.000000 98.518510
-1.600000 2.200000 98.472210
-1.600000 2.400000 97.708320
-1.600000 2.500000 97.523130
-1.400000 1.000000 89.791670
-1.400000 1.100000 89.837960
-1.400000 1.300000 91.388890
-1.400000 1.400000 93.125010
-1.400000 1.600000 97.222210
-1.400000 1.800000 98.263880
-1.400000 1.900000 98.171290
-1.400000 2.000000 99.212950
-1.400000 2.200000 98.495360
-1.400000 2.400000 97.708320
-1.400000 2.500000 97.523130
-1.200000 1.000000 89.467590
-1.200000 1.100000 89.629620
-1.200000 1.300000 91.180550
-1.200000 1.400000 92.916690
-1.200000 1.600000 96.921290
-1.200000 1.800000 98.032410
-1.200000 1.900000 98.148140
-1.200000 2.000000 99.189800
-1.200000 2.200000 98.495360
-1.200000 2.400000 97.662030
-1.200000 2.500000 97.453690
-1.000000 1.000000 89.166670
-1.000000 1.100000 89.699070
-1.000000 1.300000 91.527770
-1.000000 1.400000 92.800940
-1.000000 1.600000 96.550930
-1.000000 1.800000 97.986110
-1.000000 1.900000 98.078700
-1.000000 2.000000 99.004620
-1.000000 2.200000 98.009260
-1.000000 2.400000 97.361110
-1.000000 2.500000 97.268510
-0.800000 1.000000 89.236110
-0.800000 1.100000 90.138890
-0.800000 1.300000 91.550910
-0.800000 1.400000 93.101860
-0.800000 1.600000 95.694450
-0.800000 1.800000 98.009260
-0.800000 1.900000 97.962960
-0.800000 2.000000 97.337960
-0.800000 2.200000 98.541660
-0.800000 2.400000 97.615730
-0.800000 2.500000 97.546280
-0.600000 1.000000 88.750020
-0.600000 1.100000 89.583330
-0.600000 1.300000 91.342590
-0.600000 1.400000 93.055560
-0.600000 1.600000 96.249990
-0.600000 1.800000 97.592590
-0.600000 1.900000 97.777780
-0.600000 2.000000 97.638890
-0.600000 2.200000 98.009270
-0.600000 2.400000 97.708340
-0.600000 2.500000 97.731490
-0.400000 1.000000 89.606480
-0.400000 1.100000 89.837970
-0.400000 1.300000 91.388890
-0.400000 1.400000 92.407400
-0.400000 1.600000 97.546300
-0.400000 1.800000 97.754630
-0.400000 1.900000 97.986110
-0.400000 2.000000 98.912040
-0.400000 2.200000 98.518520
-0.400000 2.400000 98.541670
-0.400000 2.500000 98.379630
-0.200000 1.000000 88.402790
-0.200000 1.100000 89.675940
-0.200000 1.300000 91.342600
-0.200000 1.400000 91.828690
-0.200000 1.600000 97.060190
-0.200000 1.800000 97.453700
-0.200000 1.900000 97.546300
-0.200000 2.000000 97.546300
-0.200000 2.200000 97.152780
-0.200000 2.400000 97.245380
-0.200000 2.500000 97.222230
0.000000 1.000000 89.606490
0.000000 1.100000 90.300940
0.000000 1.300000 92.106490
0.000000 1.400000 93.356480
0.000000 1.600000 96.851860
0.000000 1.800000 97.407420
0.000000 1.900000 97.592600
0.000000 2.000000 97.662040
0.000000 2.200000 96.458330
0.000000 2.400000 96.504630
0.000000 2.500000 96.481480
