-2.000000 1.000000 97.534950
-2.000000 1.150000 99.073420
-2.000000 1.300000 99.632850
-2.000000 1.450000 99.580400
-2.000000 1.600000 99.580400
-2.000000 1.750000 99.580400
-2.000000 1.900000 99.527950
-2.000000 2.050000 99.580400
-2.000000 2.200000 99.580400
-2.000000 2.350000 99.580400
-2.000000 2.500000 99.580400
-1.800000 1.000000 97.587410
-1.800000 1.150000 99.755230
-1.800000 1.300000 99.632850
-1.800000 1.450000 99.580400
-1.800000 1.600000 99.580400
-1.800000 1.750000 99.580400
-1.800000 1.900000 99.527950
-1.800000 2.050000 99.580400
-1.800000 2.200000 99.580400
-1.800000 2.350000 99.580400
-1.800000 2.500000 99.580400
-1.600000 1.000000 97.027960
-1.600000 1.150000 98.846140
-1.600000 1.300000 99.632850
-1.600000 1.450000 99.580400
-1.600000 1.600000 99.580400
-1.600000 1.750000 99.580400
-1.600000 1.900000 99.527950
-1.600000 2.050000 99.580400
-1.600000 2.200000 99.580400
-1.600000 2.350000 99.580400
-1.600000 2.500000 99.580400
-1.400000 1.000000 96.870610
-1.400000 1.150000 95.384610
-1.400000 1.300000 99.702780
-1.400000 1.450000 99.632850
-1.400000 1.600000 99.580410
-1.400000 1.750000 99.597890
-1.400000 1.900000 99.545440
-1.400000 2.050000 99.562930
-1.400000 2.200000 99.562930
-1.400000 2.350000 99.562930
-1.400000 2.500000 99.562930
-1.200000 1.000000 96.695800
-1.200000 1.150000 93.461550
-1.200000 1.300000 98.339140
-1.200000 1.450000 98.496480
-1.200000 1.600000 99.458030
-1.200000 1.750000 99.108370
-1.200000 1.900000 99.230740
-1.200000 2.050000 99.038450
-1.200000 2.200000 99.160820
-1.200000 2.350000 99.248230
-1.200000 2.500000 99.160820
-1.000000 1.000000 97.692290
-1.000000 1.150000 91.258740
-1.000000 1.300000 97.132850
-1.000000 1.450000 98.129350
-1.000000 1.600000 99.423060
-1.000000 1.750000 99.440550
-1.000000 1.900000 99.423070
-1.000000 2.050000 99.405580
-1.000000 2.200000 99.423060
-1.000000 2.350000 99.335660
-1.000000 2.500000 99.353140
-0.800000 1.000000 96.958030
-0.800000 1.150000 91.486020
-0.800000 1.300000 96.118870
-0.800000 1.450000 96.573420
-0.800000 1.600000 97.849630
-0.800000 1.750000 98.409080
-0.800000 1.900000 98.391590
-0.800000 2.050000 99.230750
-0.800000 2.200000 99.353130
-0.800000 2.350000 99.248240
-0.800000 2.500000 99.125850
-0.600000 1.000000 97.220270
-0.600000 1.150000 91.905580
-0.600000 1.300000 97.220280
-0.600000 1.450000 97.167830
-0.600000 1.600000 98.636360
-0.600000 1.750000 99.283200
-0.600000 1.900000 99.125870
-0.600000 2.050000 99.143350
-0.600000 2.200000 99.073420
-0.600000 2.350000 99.143340
-0.600000 2.500000 99.213280
-0.400000 1.000000 97.237750
-0.400000 1.150000 92.062930
-0.400000 1.300000 97.202780
-0.400000 1.450000 96.276210
-0.400000 1.600000 98.356640
-0.400000 1.750000 99.318170
-0.400000 1.900000 99.090900
-0.400000 2.050000 99.318170
-0.400000 2.200000 99.230760
-0.400000 2.350000 99.195780
-0.400000 2.500000 99.178310
-0.200000 1.000000 97.762220
-0.200000 1.150000 92.255240
-0.200000 1.300000 97.167810
-0.200000 1.450000 96.538450
-0.200000 1.600000 98.496490
-0.200000 1.750000 99.265730
-0.200000 1.900000 99.335660
-0.200000 2.050000 99.353140
-0.200000 2.200000 99.370620
-0.200000 2.350000 99.300690
-0.200000 2.500000 99.300690
0.000000 1.000000 97.797180
0.000000 1.150000 91.608390
0.000000 1.300000 97.045430
0.000000 1.450000 97.639830
0.000000 1.600000 99.318170
0.000000 1.750000 99.335650
0.000000 1.900000 99.388090
0.000000 2.050000 99.370610
0.000000 2.200000 99.370610
0.000000 2.350000 99.335650
0.000000 2.500000 99.335650
