-2.000000 1.000000 92.459020
-2.000000 1.150000 92.513660
-2.000000 1.300000 92.295080
-2.000000 1.450000 92.677600
-2.000000 1.600000 92.950830
-2.000000 1.750000 92.677600
-2.000000 1.900000 92.732250
-2.000000 2.050000 92.732250
-2.000000 2.200000 92.786890
-2.000000 2.350000 92.841540
-2.000000 2.500000 92.896190
-1.800000 1.000000 92.240430
-1.800000 1.150000 92.513660
-1.800000 1.300000 92.295080
-1.800000 1.450000 92.677600
-1.800000 1.600000 92.950830
-1.800000 1.750000 92.677600
-1.800000 1.900000 92.732250
-1.800000 2.050000 92.732250
-1.800000 2.200000 92.786890
-1.800000 2.350000 92.841540
-1.800000 2.500000 92.896190
-1.600000 1.000000 92.131160
-1.600000 1.150000 92.513660
-1.600000 1.300000 92.295080
-1.600000 1.450000 92.677600
-1.600000 1.600000 92.950830
-1.600000 1.750000 92.677600
-1.600000 1.900000 92.732250
-1.600000 2.050000 92.732250
-1.600000 2.200000 92.786890
-1.600000 2.350000 92.841540
-1.600000 2.500000 92.896190
-1.400000 1.000000 92.185800
-1.400000 1.150000 92.513660
-1.400000 1.300000 92.295080
-1.400000 1.450000 92.677600
-1.400000 1.600000 92.950830
-1.400000 1.750000 92.677600
-1.400000 1.900000 92.732250
-1.400000 2.050000 92.732250
-1.400000 2.200000 92.786890
-1.400000 2.350000 92.841540
-1.400000 2.500000 92.896190
-1.200000 1.000000 92.622960
-1.200000 1.150000 92.513660
-1.200000 1.300000 92.295080
-1.200000 1.450000 92.677600
-1.200000 1.600000 92.950830
-1.200000 1.750000 92.677600
-1.200000 1.900000 92.732250
-1.200000 2.050000 92.732250
-1.200000 2.200000 92.786890
-1.200000 2.350000 92.841540
-1.200000 2.500000 92.896190
-1.000000 1.000000 93.005460
-1.000000 1.150000 90.054650
-1.000000 1.300000 90.546440
-1.000000 1.450000 91.092890
-1.000000 1.600000 91.202180
-1.000000 1.750000 91.256830
-1.000000 1.900000 91.202180
-1.000000 2.050000 91.147520
-1.000000 2.200000 90.983600
-1.000000 2.350000 90.928960
-1.000000 2.500000 90.983610
-0.800000 1.000000 92.513650
-0.800000 1.150000 88.196710
-0.800000 1.300000 89.781400
-0.800000 1.450000 90.163920
-0.800000 1.600000 90.874310
-0.800000 1.750000 90.710360
-0.800000 1.900000 90.765020
-0.800000 2.050000 90.765000
-0.800000 2.200000 90.765010
-0.800000 2.350000 90.655730
-0.800000 2.500000 90.710370
-0.600000 1.000000 93.333340
-0.600000 1.150000 87.049170
-0.600000 1.300000 88.961750
-0.600000 1.450000 89.890700
-0.600000 1.600000 90.819670
-0.600000 1.750000 90.819650
-0.600000 1.900000 90.819670
-0.600000 2.050000 90.710360
-0.600000 2.200000 90.655720
-0.600000 2.350000 90.601080
-0.600000 2.500000 90.655720
-0.400000 1.000000 92.950810
-0.400000 1.150000 87.267740
-0.400000 1.300000 89.180310
-0.400000 1.450000 89.999990
-0.400000 1.600000 90.874320
-0.400000 1.750000 90.928950
-0.400000 1.900000 90.874310
-0.400000 2.050000 90.819640
-0.400000 2.200000 90.655710
-0.400000 2.350000 90.601070
-0.400000 2.500000 90.655720
-0.200000 1.000000 92.732230
-0.200000 1.150000 87.540950
-0.200000 1.300000 89.289610
-0.200000 1.450000 89.672110
-0.200000 1.600000 91.038240
-0.200000 1.750000 90.710370
-0.200000 1.900000 90.983590
-0.200000 2.050000 90.928940
-0.200000 2.200000 90.601080
-0.200000 2.350000 90.601080
-0.200000 2.500000 90.601080
0.000000 1.000000 93.224040
0.000000 1.150000 87.377030
0.000000 1.300000 89.398900
0.000000 1.450000 89.289600
0.000000 1.600000 90.874310
0.000000 1.750000 90.710380
0.000000 1.900000 91.038230
0.000000 2.050000 90.765000
0.000000 2.200000 90.601080
0.000000 2.350000 90.546440
0.000000 2.500000 90.546440
