-2.000000 1.000000 67.730000
-2.000000 1.150000 66.570000
-2.000000 1.300000 67.180000
-2.000000 1.450000 66.440000
-2.000000 1.600000 65.580000
-2.000000 1.750000 67.420000
-2.000000 1.900000 70.220000
-2.000000 2.050000 68.860000
-2.000000 2.200000 70.920000
-2.000000 2.350000 68.510000
-2.000000 2.500000 71.420000
-1.800000 1.000000 67.360000
-1.800000 1.150000 66.960000
-1.800000 1.300000 67.450000
-1.800000 1.450000 66.920000
-1.800000 1.600000 66.440000
-1.800000 1.750000 67.950000
-1.800000 1.900000 67.330000
-1.800000 2.050000 69.380000
-1.800000 2.200000 70.060000
-1.800000 2.350000 69.840000
-1.800000 2.500000 70.760000
-1.600000 1.000000 67.840000
-1.600000 1.150000 67.550000
-1.600000 1.300000 68.060000
-1.600000 1.450000 65.830000
-1.600000 1.600000 68.380000
-1.600000 1.750000 66.010000
-1.600000 1.900000 67.400000
-1.600000 2.050000 66.450000
-1.600000 2.200000 67.790000
-1.600000 2.350000 69.520000
-1.600000 2.500000 69.170000
-1.400000 1.000000 68.700000
-1.400000 1.150000 67.880000
-1.400000 1.300000 66.980000
-1.400000 1.450000 66.920000
-1.400000 1.600000 66.730000
-1.400000 1.750000 67.590000
-1.400000 1.900000 68.940000
-1.400000 2.050000 65.190000
-1.400000 2.200000 66.400000
-1.400000 2.350000 69.360000
-1.400000 2.500000 68.450000
-1.200000 1.000000 66.990000
-1.200000 1.150000 68.490000
-1.200000 1.300000 68.760000
-1.200000 1.450000 67.630000
-1.200000 1.600000 66.360000
-1.200000 1.750000 65.400000
-1.200000 1.900000 64.580000
-1.200000 2.050000 63.770000
-1.200000 2.200000 64.210000
-1.200000 2.350000 65.420000
-1.200000 2.500000 62.130000
-1.000000 1.000000 68.550000
-1.000000 1.150000 68.900000
-1.000000 1.300000 67.380000
-1.000000 1.450000 67.830000
-1.000000 1.600000 65.900000
-1.000000 1.750000 67.530000
-1.000000 1.900000 65.210000
-1.000000 2.050000 64.390000
-1.000000 2.200000 61.740000
-1.000000 2.350000 62.150000
-1.000000 2.500000 61.780000
-0.800000 1.000000 68.950000
-0.800000 1.150000 69.290000
-0.800000 1.300000 67.170000
-0.800000 1.450000 68.660000
-0.800000 1.600000 66.450000
-0.800000 1.750000 65.630000
-0.800000 1.900000 64.890000
-0.800000 2.050000 65.920000
-0.800000 2.200000 62.890000
-0.800000 2.350000 63.100000
-0.800000 2.500000 63.650000
-0.600000 1.000000 69.330000
-0.600000 1.150000 68.860000
-0.600000 1.300000 68.450000
-0.600000 1.450000 68.570000
-0.600000 1.600000 68.200000
-0.600000 1.750000 66.600000
-0.600000 1.900000 66.990000
-0.600000 2.050000 64.780000
-0.600000 2.200000 64.670000
-0.600000 2.350000 62.540000
-0.600000 2.500000 64.190000
-0.400000 1.000000 68.400000
-0.400000 1.150000 68.200000
-0.400000 1.300000 67.970000
-0.400000 1.450000 66.970000
-0.400000 1.600000 68.020000
-0.400000 1.750000 66.070000
-0.400000 1.900000 65.490000
-0.400000 2.050000 64.780000
-0.400000 2.200000 62.070000
-0.400000 2.350000 63.450000
-0.400000 2.500000 62.550000
-0.200000 1.000000 68.090000
-0.200000 1.150000 67.720000
-0.200000 1.300000 67.970000
-0.200000 1.450000 66.880000
-0.200000 1.600000 67.080000
-0.200000 1.750000 65.770000
-0.200000 1.900000 64.090000
-0.200000 2.050000 63.990000
-0.200000 2.200000 63.630000
-0.200000 2.350000 61.960000
-0.200000 2.500000 63.640000
0.000000 1.000000 68.360000
0.000000 1.150000 67.300000
0.000000 1.300000 66.860000
0.000000 1.450000 66.090000
0.000000 1.600000 65.290000
0.000000 1.750000 66.000000
0.000000 1.900000 63.760000
0.000000 2.050000 63.420000
0.000000 2.200000 62.880000
0.000000 2.350000 62.540000
0.000000 2.500000 62.060000
