-3.000000 1.000000 68.790000
-3.000000 1.200000 68.770000
-3.000000 1.400000 68.680000
-3.000000 1.600000 69.600000
-3.000000 1.800000 70.330000
-3.000000 2.000000 70.690000
-3.000000 2.200000 72.100000
-3.000000 2.400000 71.410000
-3.000000 2.600000 71.730000
-3.000000 2.800000 71.560000
-3.000000 3.000000 72.670000
-2.700000 1.000000 69.780000
-2.700000 1.200000 67.750000
-2.700000 1.400000 67.750000
-2.700000 1.600000 68.130000
-2.700000 1.800000 69.010000
-2.700000 2.000000 69.900000
-2.700000 2.200000 71.200000
-2.700000 2.400000 70.440000
-2.700000 2.600000 71.910000
-2.700000 2.800000 73.280000
-2.700000 3.000000 70.600000
-2.400000 1.000000 68.570000
-2.400000 1.200000 67.080000
-2.400000 1.400000 68.730000
-2.400000 1.600000 68.460000
-2.400000 1.800000 72.300000
-2.400000 2.000000 70.630000
-2.400000 2.200000 70.470000
-2.400000 2.400000 71.160000
-2.400000 2.600000 71.160000
-2.400000 2.800000 71.780000
-2.400000 3.000000 71.720000
-2.100000 1.000000 69.300000
-2.100000 1.200000 68.160000
-2.100000 1.400000 67.920000
-2.100000 1.600000 67.550000
-2.100000 1.800000 69.700000
-2.100000 2.000000 70.870000
-2.100000 2.200000 71.010000
-2.100000 2.400000 71.420000
-2.100000 2.600000 70.810000
-2.100000 2.800000 69.430000
-2.100000 3.000000 69.800000
-1.800000 1.000000 69.630000
-1.800000 1.200000 68.290000
-1.800000 1.400000 67.340000
-1.800000 1.600000 67.410000
-1.800000 1.800000 69.380000
-1.800000 2.000000 69.560000
-1.800000 2.200000 70.770000
-1.800000 2.400000 69.830000
-1.800000 2.600000 72.280000
-1.800000 2.800000 71.020000
-1.800000 3.000000 71.550000
-1.500000 1.000000 70.130000
-1.500000 1.200000 68.330000
-1.500000 1.400000 68.340000
-1.500000 1.600000 67.160000
-1.500000 1.800000 67.350000
-1.500000 2.000000 68.690000
-1.500000 2.200000 69.270000
-1.500000 2.400000 69.860000
-1.500000 2.600000 72.820000
-1.500000 2.800000 71.130000
-1.500000 3.000000 70.040000
-1.200000 1.000000 69.820000
-1.200000 1.200000 68.620000
-1.200000 1.400000 68.030000
-1.200000 1.600000 68.590000
-1.200000 1.800000 66.630000
-1.200000 2.000000 65.990000
-1.200000 2.200000 66.710000
-1.200000 2.400000 67.290000
-1.200000 2.600000 67.440000
-1.200000 2.800000 67.260000
-1.200000 3.000000 63.560000
-0.900000 1.000000 69.140000
-0.900000 1.200000 68.120000
-0.900000 1.400000 68.190000
-0.900000 1.600000 67.880000
-0.900000 1.800000 67.270000
-0.900000 2.000000 66.530000
-0.900000 2.200000 66.480000
-0.900000 2.400000 63.960000
-0.900000 2.600000 63.780000
-0.900000 2.800000 63.380000
-0.900000 3.000000 61.320000
-0.600000 1.000000 68.740000
-0.600000 1.200000 68.920000
-0.600000 1.400000 67.680000
-0.600000 1.600000 67.920000
-0.600000 1.800000 66.890000
-0.600000 2.000000 66.990000
-0.600000 2.200000 65.390000
-0.600000 2.400000 63.470000
-0.600000 2.600000 63.170000
-0.600000 2.800000 61.440000
-0.600000 3.000000 59.080000
-0.300000 1.000000 68.890000
-0.300000 1.200000 68.820000
-0.300000 1.400000 67.830000
-0.300000 1.600000 67.070000
-0.300000 1.800000 67.390000
-0.300000 2.000000 66.990000
-0.300000 2.200000 66.060000
-0.300000 2.400000 64.820000
-0.300000 2.600000 63.470000
-0.300000 2.800000 59.590000
-0.300000 3.000000 60.350000
0.000000 1.000000 68.960000
0.000000 1.200000 67.920000
0.000000 1.400000 67.360000
0.000000 1.600000 67.710000
0.000000 1.800000 65.490000
0.000000 2.000000 64.640000
0.000000 2.200000 63.630000
0.000000 2.400000 64.020000
0.000000 2.600000 61.990000
0.000000 2.800000 60.780000
0.000000 3.000000 60.880000
