-2.000000 1.000000 78.395520
-2.000000 1.150000 78.582080
-2.000000 1.300000 78.059710
-2.000000 1.450000 77.574610
-2.000000 1.600000 77.537300
-2.000000 1.750000 77.537290
-2.000000 1.900000 77.537290
-2.000000 2.050000 77.537290
-2.000000 2.200000 77.499980
-2.000000 2.350000 77.499980
-2.000000 2.500000 77.499980
-1.800000 1.000000 78.470150
-1.800000 1.150000 78.432830
-1.800000 1.300000 77.985060
-1.800000 1.450000 77.611920
-1.800000 1.600000 77.723870
-1.800000 1.750000 77.686560
-1.800000 1.900000 77.686560
-1.800000 2.050000 77.686560
-1.800000 2.200000 77.686560
-1.800000 2.350000 77.686560
-1.800000 2.500000 77.686560
-1.600000 1.000000 78.358210
-1.600000 1.150000 78.432820
-1.600000 1.300000 77.910450
-1.600000 1.450000 77.798500
-1.600000 1.600000 77.761180
-1.600000 1.750000 77.761180
-1.600000 1.900000 77.761180
-1.600000 2.050000 77.761180
-1.600000 2.200000 77.761180
-1.600000 2.350000 77.761180
-1.600000 2.500000 77.761180
-1.400000 1.000000 78.097000
-1.400000 1.150000 78.432820
-1.400000 1.300000 77.947750
-1.400000 1.450000 77.499990
-1.400000 1.600000 77.649250
-1.400000 1.750000 77.649250
-1.400000 1.900000 77.574620
-1.400000 2.050000 77.611930
-1.400000 2.200000 77.611930
-1.400000 2.350000 77.611930
-1.400000 2.500000 77.611930
-1.200000 1.000000 75.597000
-1.200000 1.150000 74.776110
-1.200000 1.300000 77.686560
-1.200000 1.450000 77.835810
-1.200000 1.600000 77.798500
-1.200000 1.750000 77.723870
-1.200000 1.900000 77.574620
-1.200000 2.050000 77.686560
-1.200000 2.200000 77.649250
-1.200000 2.350000 77.649260
-1.200000 2.500000 77.537320
-1.000000 1.000000 73.395520
-1.000000 1.150000 72.313440
-1.000000 1.300000 73.358200
-1.000000 1.450000 75.223870
-1.000000 1.600000 75.447780
-1.000000 1.750000 75.597010
-1.000000 1.900000 75.559700
-1.000000 2.050000 74.776130
-1.000000 2.200000 74.776130
-1.000000 2.350000 74.701510
-1.000000 2.500000 74.589550
-0.800000 1.000000 73.171640
-0.800000 1.150000 71.791060
-0.800000 1.300000 70.932840
-0.800000 1.450000 71.119420
-0.800000 1.600000 71.902980
-0.800000 1.750000 72.499990
-0.800000 1.900000 71.604500
-0.800000 2.050000 71.940300
-0.800000 2.200000 71.903010
-0.800000 2.350000 72.089560
-0.800000 2.500000 72.089550
-0.600000 1.000000 73.171660
-0.600000 1.150000 71.679110
-0.600000 1.300000 71.007480
-0.600000 1.450000 70.186580
-0.600000 1.600000 70.335830
-0.600000 1.750000 70.634330
-0.600000 1.900000 71.044780
-0.600000 2.050000 71.231360
-0.600000 2.200000 71.940300
-0.600000 2.350000 71.902990
-0.600000 2.500000 72.052240
-0.400000 1.000000 72.686580
-0.400000 1.150000 71.529860
-0.400000 1.300000 70.783590
-0.400000 1.450000 69.440310
-0.400000 1.600000 69.067170
-0.400000 1.750000 69.216430
-0.400000 1.900000 69.664200
-0.400000 2.050000 69.925370
-0.400000 2.200000 69.962700
-0.400000 2.350000 70.671660
-0.400000 2.500000 70.597020
-0.200000 1.000000 71.977620
-0.200000 1.150000 71.529850
-0.200000 1.300000 70.597020
-0.200000 1.450000 69.626880
-0.200000 1.600000 69.477610
-0.200000 1.750000 69.216430
-0.200000 1.900000 69.029870
-0.200000 2.050000 69.925380
-0.200000 2.200000 70.261200
-0.200000 2.350000 70.111960
-0.200000 2.500000 70.522410
0.000000 1.000000 71.343320
0.000000 1.150000 71.679100
0.000000 1.300000 70.410460
0.000000 1.450000 68.992530
0.000000 1.600000 68.880610
0.000000 1.750000 68.432820
0.000000 1.900000 68.917890
0.000000 2.050000 69.328360
0.000000 2.200000 69.291050
0.000000 2.350000 69.365690
0.000000 2.500000 69.888060
