-2.000000 1.000000 97.817700
-2.000000 1.150000 98.370160
-2.000000 1.300000 98.729280
-2.000000 1.450000 99.198900
-2.000000 1.600000 99.337020
-2.000000 1.750000 99.530400
-2.000000 1.900000 99.530400
-2.000000 2.050000 99.502780
-2.000000 2.200000 99.530400
-2.000000 2.350000 99.530400
-2.000000 2.500000 99.530400
-1.800000 1.000000 97.817690
-1.800000 1.150000 98.453030
-1.800000 1.300000 98.729280
-1.800000 1.450000 99.171280
-1.800000 1.600000 99.447520
-1.800000 1.750000 99.530400
-1.800000 1.900000 99.530400
-1.800000 2.050000 99.530400
-1.800000 2.200000 99.530400
-1.800000 2.350000 99.530400
-1.800000 2.500000 99.530400
-1.600000 1.000000 97.872930
-1.600000 1.150000 98.729280
-1.600000 1.300000 98.950280
-1.600000 1.450000 99.364640
-1.600000 1.600000 99.447520
-1.600000 1.750000 99.447520
-1.600000 1.900000 99.530390
-1.600000 2.050000 99.530390
-1.600000 2.200000 99.530390
-1.600000 2.350000 99.530390
-1.600000 2.500000 99.558020
-1.400000 1.000000 97.320430
-1.400000 1.150000 98.314910
-1.400000 1.300000 98.618790
-1.400000 1.450000 99.392270
-1.400000 1.600000 99.447520
-1.400000 1.750000 99.530390
-1.400000 1.900000 99.558020
-1.400000 2.050000 99.558020
-1.400000 2.200000 99.558020
-1.400000 2.350000 99.558020
-1.400000 2.500000 99.558020
-1.200000 1.000000 95.055250
-1.200000 1.150000 96.906090
-1.200000 1.300000 97.403320
-1.200000 1.450000 99.088410
-1.200000 1.600000 99.226530
-1.200000 1.750000 99.392270
-1.200000 1.900000 99.502770
-1.200000 2.050000 99.530400
-1.200000 2.200000 99.530400
-1.200000 2.350000 99.502770
-1.200000 2.500000 99.530400
-1.000000 1.000000 93.011040
-1.000000 1.150000 91.933690
-1.000000 1.300000 94.861880
-1.000000 1.450000 97.154700
-1.000000 1.600000 97.044190
-1.000000 1.750000 96.906080
-1.000000 1.900000 97.872920
-1.000000 2.050000 98.204420
-1.000000 2.200000 98.397790
-1.000000 2.350000 98.425410
-1.000000 2.500000 98.232040
-0.800000 1.000000 93.204420
-0.800000 1.150000 90.939240
-0.800000 1.300000 94.088400
-0.800000 1.450000 95.386740
-0.800000 1.600000 96.215470
-0.800000 1.750000 96.933710
-0.800000 1.900000 97.348060
-0.800000 2.050000 97.320440
-0.800000 2.200000 97.403310
-0.800000 2.350000 97.486200
-0.800000 2.500000 97.817690
-0.600000 1.000000 92.320430
-0.600000 1.150000 91.381220
-0.600000 1.300000 93.397790
-0.600000 1.450000 95.662990
-0.600000 1.600000 96.104980
-0.600000 1.750000 96.298340
-0.600000 1.900000 95.994490
-0.600000 2.050000 95.939230
-0.600000 2.200000 95.966860
-0.600000 2.350000 96.961330
-0.600000 2.500000 96.850830
-0.400000 1.000000 92.569060
-0.400000 1.150000 90.469620
-0.400000 1.300000 93.093920
-0.400000 1.450000 96.104960
-0.400000 1.600000 96.436460
-0.400000 1.750000 96.408860
-0.400000 1.900000 96.850820
-0.400000 2.050000 96.629830
-0.400000 2.200000 96.132590
-0.400000 2.350000 96.878440
-0.400000 2.500000 96.906050
-0.200000 1.000000 92.983420
-0.200000 1.150000 91.243090
-0.200000 1.300000 93.922670
-0.200000 1.450000 96.022110
-0.200000 1.600000 97.430920
-0.200000 1.750000 96.988940
-0.200000 1.900000 96.685070
-0.200000 2.050000 96.408820
-0.200000 2.200000 96.685070
-0.200000 2.350000 97.071810
-0.200000 2.500000 97.265190
0.000000 1.000000 93.038690
0.000000 1.150000 91.712700
0.000000 1.300000 95.193390
0.000000 1.450000 96.381220
0.000000 1.600000 97.154700
0.000000 1.750000 96.629830
0.000000 1.900000 96.823200
0.000000 2.050000 96.546960
0.000000 2.200000 96.850820
0.000000 2.350000 97.071810
0.000000 2.500000 97.237550
