-2.000000 1.000000 75.386750
-2.000000 1.200000 73.093920
-2.000000 1.400000 75.303870
-2.000000 1.600000 85.635380
-2.000000 1.800000 88.756910
-2.000000 2.000000 96.325970
-2.000000 2.200000 88.812160
-2.000000 2.400000 95.883970
-2.000000 2.600000 91.850830
-2.000000 2.800000 95.828720
-2.000000 3.000000 96.022090
-1.800000 1.000000 80.801100
-1.800000 1.200000 70.165740
-1.800000 1.400000 69.392260
-1.800000 1.600000 74.779010
-1.800000 1.800000 85.165750
-1.800000 2.000000 88.038670
-1.800000 2.200000 92.762450
-1.800000 2.400000 95.911590
-1.800000 2.600000 87.928180
-1.800000 2.800000 87.790050
-1.800000 3.000000 86.740320
-1.600000 1.000000 83.038670
-1.600000 1.200000 75.000010
-1.600000 1.400000 66.381220
-1.600000 1.600000 71.546960
-1.600000 1.800000 86.215460
-1.600000 2.000000 88.011050
-1.600000 2.200000 90.939230
-1.600000 2.400000 77.044220
-1.600000 2.600000 91.381210
-1.600000 2.800000 93.425410
-1.600000 3.000000 91.657460
-1.400000 1.000000 81.878450
-1.400000 1.200000 78.729290
-1.400000 1.400000 65.690620
-1.400000 1.600000 71.381230
-1.400000 1.800000 75.055260
-1.400000 2.000000 81.436460
-1.400000 2.200000 86.823210
-1.400000 2.400000 77.265190
-1.400000 2.600000 70.883960
-1.400000 2.800000 87.458560
-1.400000 3.000000 83.397800
-1.200000 1.000000 86.519340
-1.200000 1.200000 82.403330
-1.200000 1.400000 67.486200
-1.200000 1.600000 63.480670
-1.200000 1.800000 62.320450
-1.200000 2.000000 69.116030
-1.200000 2.200000 65.165740
-1.200000 2.400000 60.027620
-1.200000 2.600000 64.613260
-1.200000 2.800000 59.806630
-1.200000 3.000000 72.541440
-1.000000 1.000000 82.762430
-1.000000 1.200000 81.685090
-1.000000 1.400000 77.127060
-1.000000 1.600000 69.033150
-1.000000 1.800000 65.221000
-1.000000 2.000000 62.900550
-1.000000 2.200000 60.110490
-1.000000 2.400000 61.325960
-1.000000 2.600000 64.419890
-1.000000 2.800000 61.187860
-1.000000 3.000000 56.187840
-0.800000 1.000000 84.060770
-0.800000 1.200000 77.872920
-0.800000 1.400000 74.751360
-0.800000 1.600000 64.696130
-0.800000 1.800000 63.977910
-0.800000 2.000000 66.325970
-0.800000 2.200000 58.232050
-0.800000 2.400000 65.027630
-0.800000 2.600000 60.773470
-0.800000 2.800000 60.138130
-0.800000 3.000000 58.922670
-0.600000 1.000000 83.756900
-0.600000 1.200000 75.469610
-0.600000 1.400000 72.016570
-0.600000 1.600000 66.022110
-0.600000 1.800000 64.005540
-0.600000 2.000000 59.834240
-0.600000 2.200000 59.033150
-0.600000 2.400000 62.734810
-0.600000 2.600000 57.900560
-0.600000 2.800000 59.889500
-0.600000 3.000000 59.779010
-0.400000 1.000000 76.988960
-0.400000 1.200000 78.314910
-0.400000 1.400000 69.337020
-0.400000 1.600000 64.917130
-0.400000 1.800000 62.513810
-0.400000 2.000000 59.530390
-0.400000 2.200000 58.370160
-0.400000 2.400000 60.994480
-0.400000 2.600000 60.939220
-0.400000 2.800000 57.541430
-0.400000 3.000000 57.071810
-0.200000 1.000000 78.232040
-0.200000 1.200000 73.977910
-0.200000 1.400000 73.287290
-0.200000 1.600000 67.292810
-0.200000 1.800000 63.397800
-0.200000 2.000000 66.602220
-0.200000 2.200000 58.535910
-0.200000 2.400000 57.624320
-0.200000 2.600000 59.447510
-0.200000 2.800000 58.977890
-0.200000 3.000000 65.524870
0.000000 1.000000 84.226520
0.000000 1.200000 77.596680
0.000000 1.400000 66.464080
0.000000 1.600000 62.596690
0.000000 1.800000 59.944760
0.000000 2.000000 59.116010
0.000000 2.200000 61.160230
0.000000 2.400000 57.320450
0.000000 2.600000 56.519330
0.000000 2.800000 59.530380
0.000000 3.000000 58.895020
