-3.000000 1.000000 69.433320
-3.000000 1.200000 67.433330
-3.000000 1.400000 65.100000
-3.000000 1.600000 64.533320
-3.000000 1.800000 64.133330
-3.000000 2.000000 62.966670
-3.000000 2.200000 62.333350
-3.000000 2.400000 61.966670
-3.000000 2.600000 61.166670
-3.000000 2.800000 61.500010
-3.000000 3.000000 60.800000
-2.700000 1.000000 69.566650
-2.700000 1.200000 67.966660
-2.700000 1.400000 65.500010
-2.700000 1.600000 63.933340
-2.700000 1.800000 62.500010
-2.700000 2.000000 64.333340
-2.700000 2.200000 63.133320
-2.700000 2.400000 62.333330
-2.700000 2.600000 62.066660
-2.700000 2.800000 61.733330
-2.700000 3.000000 61.600010
-2.400000 1.000000 70.300000
-2.400000 1.200000 67.433350
-2.400000 1.400000 66.200000
-2.400000 1.600000 65.333330
-2.400000 1.800000 63.800000
-2.400000 2.000000 62.700010
-2.400000 2.200000 61.733330
-2.400000 2.400000 61.166680
-2.400000 2.600000 62.366660
-2.400000 2.800000 60.033330
-2.400000 3.000000 60.633320
-2.100000 1.000000 69.333320
-2.100000 1.200000 67.433330
-2.100000 1.400000 66.133330
-2.100000 1.600000 64.566660
-2.100000 1.800000 63.766680
-2.100000 2.000000 62.399990
-2.100000 2.200000 61.233340
-2.100000 2.400000 62.000010
-2.100000 2.600000 60.800000
-2.100000 2.800000 62.000010
-2.100000 3.000000 60.433330
-1.800000 1.000000 69.900000
-1.800000 1.200000 67.733330
-1.800000 1.400000 65.899990
-1.800000 1.600000 64.900000
-1.800000 1.800000 63.533330
-1.800000 2.000000 62.333340
-1.800000 2.200000 61.400000
-1.800000 2.400000 62.333320
-1.800000 2.600000 61.466670
-1.800000 2.800000 62.400000
-1.800000 3.000000 61.500000
-1.500000 1.000000 69.966660
-1.500000 1.200000 67.900000
-1.500000 1.400000 66.433350
-1.500000 1.600000 64.766660
-1.500000 1.800000 64.533320
-1.500000 2.000000 63.133310
-1.500000 2.200000 61.633330
-1.500000 2.400000 62.533350
-1.500000 2.600000 61.933330
-1.500000 2.800000 61.833320
-1.500000 3.000000 61.733340
-1.200000 1.000000 70.799990
-1.200000 1.200000 68.166660
-1.200000 1.400000 66.700000
-1.200000 1.600000 64.433340
-1.200000 1.800000 64.333330
-1.200000 2.000000 64.333340
-1.200000 2.200000 62.500000
-1.200000 2.400000 61.733330
-1.200000 2.600000 62.366680
-1.200000 2.800000 60.833320
-1.200000 3.000000 61.133330
-0.900000 1.000000 70.666660
-0.900000 1.200000 67.833340
-0.900000 1.400000 65.900000
-0.900000 1.600000 65.333330
-0.900000 1.800000 65.033330
-0.900000 2.000000 62.166660
-0.900000 2.200000 61.266670
-0.900000 2.400000 61.033330
-0.900000 2.600000 61.500000
-0.900000 2.800000 61.200000
-0.900000 3.000000 60.166660
-0.600000 1.000000 69.533330
-0.600000 1.200000 66.833330
-0.600000 1.400000 64.733330
-0.600000 1.600000 64.700000
-0.600000 1.800000 63.299980
-0.600000 2.000000 62.100000
-0.600000 2.200000 61.533350
-0.600000 2.400000 60.566670
-0.600000 2.600000 59.866660
-0.600000 2.800000 60.100010
-0.600000 3.000000 59.833340
-0.300000 1.000000 67.200010
-0.300000 1.200000 67.066670
-0.300000 1.400000 64.633330
-0.300000 1.600000 63.866660
-0.300000 1.800000 61.966670
-0.300000 2.000000 60.466670
-0.300000 2.200000 59.566670
-0.300000 2.400000 59.533350
-0.300000 2.600000 59.399990
-0.300000 2.800000 58.666660
-0.300000 3.000000 58.133320
0.000000 1.000000 67.633330
0.000000 1.200000 66.366660
0.000000 1.400000 63.766670
0.000000 1.600000 62.100010
0.000000 1.800000 60.966650
0.000000 2.000000 59.466670
0.000000 2.200000 58.100000
0.000000 2.400000 57.733330
0.000000 2.600000 57.000010
0.000000 2.800000 57.066680
0.000000 3.000000 56.866680
