-2.000000 1.000000 68.300010
-2.000000 1.150000 65.699990
-2.000000 1.300000 65.533330
-2.000000 1.450000 64.699990
-2.000000 1.600000 63.200000
-2.000000 1.750000 61.133330
-2.000000 1.900000 61.466670
-2.000000 2.050000 60.866670
-2.000000 2.200000 60.266670
-2.000000 2.350000 60.500010
-2.000000 2.500000 62.533330
-1.800000 1.000000 68.700010
-1.800000 1.150000 65.633340
-1.800000 1.300000 65.066670
-1.800000 1.450000 62.866660
-1.800000 1.600000 62.933340
-1.800000 1.750000 62.066660
-1.800000 1.900000 62.700000
-1.800000 2.050000 61.633320
-1.800000 2.200000 61.433330
-1.800000 2.350000 61.033320
-1.800000 2.500000 61.333350
-1.600000 1.000000 68.966650
-1.600000 1.150000 65.700000
-1.600000 1.300000 63.533330
-1.600000 1.450000 64.233320
-1.600000 1.600000 62.799990
-1.600000 1.750000 62.666670
-1.600000 1.900000 62.600010
-1.600000 2.050000 62.533330
-1.600000 2.200000 60.933330
-1.600000 2.350000 61.666650
-1.600000 2.500000 61.900010
-1.400000 1.000000 68.700000
-1.400000 1.150000 65.500010
-1.400000 1.300000 64.566670
-1.400000 1.450000 64.566660
-1.400000 1.600000 63.566660
-1.400000 1.750000 63.700000
-1.400000 1.900000 61.766660
-1.400000 2.050000 63.700000
-1.400000 2.200000 61.833330
-1.400000 2.350000 61.233340
-1.400000 2.500000 60.300000
-1.200000 1.000000 68.766660
-1.200000 1.150000 66.300000
-1.200000 1.300000 64.733330
-1.200000 1.450000 63.633330
-1.200000 1.600000 63.400010
-1.200000 1.750000 63.133340
-1.200000 1.900000 62.333330
-1.200000 2.050000 61.366670
-1.200000 2.200000 62.866660
-1.200000 2.350000 61.133330
-1.200000 2.500000 62.266660
-1.000000 1.000000 69.133330
-1.000000 1.150000 65.400000
-1.000000 1.300000 64.166670
-1.000000 1.450000 62.766670
-1.000000 1.600000 62.866660
-1.000000 1.750000 62.233330
-1.000000 1.900000 61.433330
-1.000000 2.050000 61.366670
-1.000000 2.200000 60.166670
-1.000000 2.350000 60.400000
-1.000000 2.500000 60.499990
-0.800000 1.000000 67.233330
-0.800000 1.150000 63.700000
-0.800000 1.300000 64.666650
-0.800000 1.450000 62.766680
-0.800000 1.600000 62.233320
-0.800000 1.750000 61.366670
-0.800000 1.900000 60.400000
-0.800000 2.050000 59.800000
-0.800000 2.200000 59.333340
-0.800000 2.350000 59.466680
-0.800000 2.500000 59.766680
-0.600000 1.000000 66.100000
-0.600000 1.150000 64.266670
-0.600000 1.300000 64.266670
-0.600000 1.450000 61.600010
-0.600000 1.600000 60.600010
-0.600000 1.750000 60.466660
-0.600000 1.900000 59.533340
-0.600000 2.050000 59.399990
-0.600000 2.200000 58.400000
-0.600000 2.350000 58.933340
-0.600000 2.500000 58.866660
-0.400000 1.000000 65.500000
-0.400000 1.150000 64.933340
-0.400000 1.300000 63.633340
-0.400000 1.450000 61.433330
-0.400000 1.600000 60.400000
-0.400000 1.750000 59.966670
-0.400000 1.900000 58.900000
-0.400000 2.050000 59.233320
-0.400000 2.200000 58.400000
-0.400000 2.350000 58.633320
-0.400000 2.500000 59.166670
-0.200000 1.000000 66.300000
-0.200000 1.150000 64.100000
-0.200000 1.300000 63.333330
-0.200000 1.450000 61.433340
-0.200000 1.600000 59.933340
-0.200000 1.750000 59.500000
-0.200000 1.900000 59.266680
-0.200000 2.050000 58.333350
-0.200000 2.200000 57.733350
-0.200000 2.350000 57.466650
-0.200000 2.500000 57.866670
0.000000 1.000000 65.033340
0.000000 1.150000 63.866670
0.000000 1.300000 62.433340
0.000000 1.450000 61.066680
0.000000 1.600000 59.900000
0.000000 1.750000 59.299990
0.000000 1.900000 58.266680
0.000000 2.050000 58.233340
0.000000 2.200000 56.866680
0.000000 2.350000 57.133350
0.000000 2.500000 57.199990
