-2.000000 1.000000 93.020000
-2.000000 1.150000 92.910000
-2.000000 1.300000 92.720000
-2.000000 1.450000 92.690000
-2.000000 1.600000 92.800000
-2.000000 1.750000 92.940000
-2.000000 1.900000 92.930000
-2.000000 2.050000 92.930000
-2.000000 2.200000 92.930000
-2.000000 2.350000 92.930000
-2.000000 2.500000 92.930000
-1.800000 1.000000 93.020000
-1.800000 1.150000 92.910000
-1.800000 1.300000 92.720000
-1.800000 1.450000 92.690000
-1.800000 1.600000 92.800000
-1.800000 1.750000 92.940000
-1.800000 1.900000 92.930000
-1.800000 2.050000 92.930000
-1.800000 2.200000 92.930000
-1.800000 2.350000 92.930000
-1.800000 2.500000 92.930000
-1.600000 1.000000 93.020000
-1.600000 1.150000 92.910000
-1.600000 1.300000 92.720000
-1.600000 1.450000 92.690000
-1.600000 1.600000 92.800000
-1.600000 1.750000 92.940000
-1.600000 1.900000 92.930000
-1.600000 2.050000 92.930000
-1.600000 2.200000 92.930000
-1.600000 2.350000 92.930000
-1.600000 2.500000 92.930000
-1.400000 1.000000 93.020000
-1.400000 1.150000 92.910000
-1.400000 1.300000 92.720000
-1.400000 1.450000 92.690000
-1.400000 1.600000 92.800000
-1.400000 1.750000 92.940000
-1.400000 1.900000 92.930000
-1.400000 2.050000 92.930000
-1.400000 2.200000 92.930000
-1.400000 2.350000 92.930000
-1.400000 2.500000 92.930000
-1.200000 1.000000 93.020000
-1.200000 1.150000 92.910000
-1.200000 1.300000 92.720000
-1.200000 1.450000 92.690000
-1.200000 1.600000 92.800000
-1.200000 1.750000 92.940000
-1.200000 1.900000 92.930000
-1.200000 2.050000 92.930000
-1.200000 2.200000 92.930000
-1.200000 2.350000 92.930000
-1.200000 2.500000 92.930000
-1.000000 1.000000 93.020000
-1.000000 1.150000 92.910000
-1.000000 1.300000 92.720000
-1.000000 1.450000 92.690000
-1.000000 1.600000 92.800000
-1.000000 1.750000 92.940000
-1.000000 1.900000 92.930000
-1.000000 2.050000 92.930000
-1.000000 2.200000 92.930000
-1.000000 2.350000 92.930000
-1.000000 2.500000 92.930000
-0.800000 1.000000 93.030000
-0.800000 1.150000 92.890000
-0.800000 1.300000 92.700000
-0.800000 1.450000 92.690000
-0.800000 1.600000 92.800000
-0.800000 1.750000 92.940000
-0.800000 1.900000 92.930000
-0.800000 2.050000 92.930000
-0.800000 2.200000 92.930000
-0.800000 2.350000 92.930000
-0.800000 2.500000 92.930000
-0.600000 1.000000 92.960000
-0.600000 1.150000 92.790000
-0.600000 1.300000 92.650000
-0.600000 1.450000 92.620000
-0.600000 1.600000 92.780000
-0.600000 1.750000 92.880000
-0.600000 1.900000 92.880000
-0.600000 2.050000 92.860000
-0.600000 2.200000 92.830000
-0.600000 2.350000 92.830000
-0.600000 2.500000 92.830000
-0.400000 1.000000 92.530000
-0.400000 1.150000 92.710000
-0.400000 1.300000 92.470000
-0.400000 1.450000 92.430000
-0.400000 1.600000 92.640000
-0.400000 1.750000 92.780000
-0.400000 1.900000 92.730000
-0.400000 2.050000 92.810000
-0.400000 2.200000 92.810000
-0.400000 2.350000 92.820000
-0.400000 2.500000 92.820000
-0.200000 1.000000 92.550000
-0.200000 1.150000 92.360000
-0.200000 1.300000 92.090000
-0.200000 1.450000 91.990000
-0.200000 1.600000 92.070000
-0.200000 1.750000 92.030000
-0.200000 1.900000 92.050000
-0.200000 2.050000 92.050000
-0.200000 2.200000 92.000000
-0.200000 2.350000 91.960000
-0.200000 2.500000 91.800000
0.000000 1.000000 92.700000
0.000000 1.150000 92.300000
0.000000 1.300000 92.260000
0.000000 1.450000 91.920000
0.000000 1.600000 92.000000
0.000000 1.750000 92.040000
0.000000 1.900000 91.820000
0.000000 2.050000 91.890000
0.000000 2.200000 91.760000
0.000000 2.350000 91.670000
0.000000 2.500000 91.810000
