-2.000000 1.000000 86.720000
-2.000000 1.150000 86.580000
-2.000000 1.300000 86.320000
-2.000000 1.450000 86.000000
-2.000000 1.600000 85.490000
-2.000000 1.750000 85.340000
-2.000000 1.900000 85.270000
-2.000000 2.050000 85.300000
-2.000000 2.200000 85.370000
-2.000000 2.350000 85.310000
-2.000000 2.500000 85.320000
-1.800000 1.000000 86.720000
-1.800000 1.150000 86.580000
-1.800000 1.300000 86.320000
-1.800000 1.450000 86.000000
-1.800000 1.600000 85.490000
-1.800000 1.750000 85.340000
-1.800000 1.900000 85.270000
-1.800000 2.050000 85.300000
-1.800000 2.200000 85.370000
-1.800000 2.350000 85.310000
-1.800000 2.500000 85.320000
-1.600000 1.000000 86.720000
-1.600000 1.150000 86.580000
-1.600000 1.300000 86.320000
-1.600000 1.450000 86.000000
-1.600000 1.600000 85.490000
-1.600000 1.750000 85.340000
-1.600000 1.900000 85.270000
-1.600000 2.050000 85.300000
-1.600000 2.200000 85.370000
-1.600000 2.350000 85.310000
-1.600000 2.500000 85.320000
-1.400000 1.000000 86.720000
-1.400000 1.150000 86.580000
-1.400000 1.300000 86.320000
-1.400000 1.450000 86.000000
-1.400000 1.600000 85.490000
-1.400000 1.750000 85.340000
-1.400000 1.900000 85.270000
-1.400000 2.050000 85.300000
-1.400000 2.200000 85.370000
-1.400000 2.350000 85.310000
-1.400000 2.500000 85.320000
-1.200000 1.000000 86.720000
-1.200000 1.150000 86.580000
-1.200000 1.300000 86.320000
-1.200000 1.450000 86.000000
-1.200000 1.600000 85.490000
-1.200000 1.750000 85.340000
-1.200000 1.900000 85.270000
-1.200000 2.050000 85.300000
-1.200000 2.200000 85.370000
-1.200000 2.350000 85.310000
-1.200000 2.500000 85.320000
-1.000000 1.000000 86.720000
-1.000000 1.150000 86.580000
-1.000000 1.300000 86.320000
-1.000000 1.450000 86.000000
-1.000000 1.600000 85.490000
-1.000000 1.750000 85.340000
-1.000000 1.900000 85.270000
-1.000000 2.050000 85.300000
-1.000000 2.200000 85.370000
-1.000000 2.350000 85.310000
-1.000000 2.500000 85.320000
-0.800000 1.000000 86.720000
-0.800000 1.150000 86.580000
-0.800000 1.300000 86.320000
-0.800000 1.450000 86.000000
-0.800000 1.600000 85.490000
-0.800000 1.750000 85.340000
-0.800000 1.900000 85.270000
-0.800000 2.050000 85.300000
-0.800000 2.200000 85.370000
-0.800000 2.350000 85.310000
-0.800000 2.500000 85.320000
-0.600000 1.000000 86.720000
-0.600000 1.150000 86.580000
-0.600000 1.300000 86.320000
-0.600000 1.450000 86.000000
-0.600000 1.600000 85.490000
-0.600000 1.750000 85.340000
-0.600000 1.900000 85.270000
-0.600000 2.050000 85.300000
-0.600000 2.200000 85.370000
-0.600000 2.350000 85.310000
-0.600000 2.500000 85.320000
-0.400000 1.000000 86.720000
-0.400000 1.150000 86.580000
-0.400000 1.300000 86.320000
-0.400000 1.450000 86.000000
-0.400000 1.600000 85.490000
-0.400000 1.750000 85.340000
-0.400000 1.900000 85.270000
-0.400000 2.050000 85.300000
-0.400000 2.200000 85.370000
-0.400000 2.350000 85.310000
-0.400000 2.500000 85.320000
-0.200000 1.000000 86.720000
-0.200000 1.150000 86.580000
-0.200000 1.300000 86.320000
-0.200000 1.450000 86.000000
-0.200000 1.600000 85.490000
-0.200000 1.750000 85.340000
-0.200000 1.900000 85.270000
-0.200000 2.050000 85.300000
-0.200000 2.200000 85.370000
-0.200000 2.350000 85.310000
-0.200000 2.500000 85.320000
0.000000 1.000000 86.720000
0.000000 1.150000 86.580000
0.000000 1.300000 86.320000
0.000000 1.450000 86.000000
0.000000 1.600000 85.490000
0.000000 1.750000 85.340000
0.000000 1.900000 85.270000
0.000000 2.050000 85.300000
0.000000 2.200000 85.370000
0.000000 2.350000 85.310000
0.000000 2.500000 85.320000
