-2.000000 1.000000 86.700000
-2.000000 1.150000 86.300000
-2.000000 1.300000 86.200000
-2.000000 1.450000 86.300000
-2.000000 1.600000 85.900000
-2.000000 1.750000 84.500000
-2.000000 1.900000 84.800000
-2.000000 2.050000 84.900000
-2.000000 2.200000 84.700000
-2.000000 2.350000 84.100000
-2.000000 2.500000 84.200000
-1.800000 1.000000 86.200000
-1.800000 1.150000 85.900000
-1.800000 1.300000 85.300000
-1.800000 1.450000 84.600000
-1.800000 1.600000 84.300000
-1.800000 1.750000 83.700000
-1.800000 1.900000 83.800000
-1.800000 2.050000 83.700000
-1.800000 2.200000 83.900000
-1.800000 2.350000 83.200000
-1.800000 2.500000 83.500000
-1.600000 1.000000 85.300000
-1.600000 1.150000 84.100000
-1.600000 1.300000 85.100000
-1.600000 1.450000 83.900000
-1.600000 1.600000 83.200000
-1.600000 1.750000 83.100000
-1.600000 1.900000 83.000000
-1.600000 2.050000 83.200000
-1.600000 2.200000 83.200000
-1.600000 2.350000 83.200000
-1.600000 2.500000 83.200000
-1.400000 1.000000 83.700000
-1.400000 1.150000 82.900000
-1.400000 1.300000 83.200000
-1.400000 1.450000 83.500000
-1.400000 1.600000 83.200000
-1.400000 1.750000 82.700000
-1.400000 1.900000 82.600000
-1.400000 2.050000 82.300000
-1.400000 2.200000 82.400000
-1.400000 2.350000 82.500000
-1.400000 2.500000 82.700000
-1.200000 1.000000 83.200000
-1.200000 1.150000 81.100000
-1.200000 1.300000 82.500000
-1.200000 1.450000 82.100000
-1.200000 1.600000 81.600000
-1.200000 1.750000 80.700000
-1.200000 1.900000 81.000000
-1.200000 2.050000 80.600000
-1.200000 2.200000 79.700000
-1.200000 2.350000 79.600000
-1.200000 2.500000 80.100000
-1.000000 1.000000 83.100000
-1.000000 1.150000 81.800000
-1.000000 1.300000 79.900000
-1.000000 1.450000 80.500000
-1.000000 1.600000 80.500000
-1.000000 1.750000 79.900000
-1.000000 1.900000 79.600000
-1.000000 2.050000 80.200000
-1.000000 2.200000 79.800000
-1.000000 2.350000 79.400000
-1.000000 2.500000 79.500000
-0.800000 1.000000 83.300000
-0.800000 1.150000 82.600000
-0.800000 1.300000 80.900000
-0.800000 1.450000 79.600000
-0.800000 1.600000 79.400000
-0.800000 1.750000 79.500000
-0.800000 1.900000 79.700000
-0.800000 2.050000 79.400000
-0.800000 2.200000 78.900000
-0.800000 2.350000 79.800000
-0.800000 2.500000 79.400000
-0.600000 1.000000 83.000000
-0.600000 1.150000 82.200000
-0.600000 1.300000 81.000000
-0.600000 1.450000 79.800000
-0.600000 1.600000 79.900000
-0.600000 1.750000 80.000000
-0.600000 1.900000 80.300000
-0.600000 2.050000 80.000000
-0.600000 2.200000 79.500000
-0.600000 2.350000 79.200000
-0.600000 2.500000 79.900000
-0.400000 1.000000 82.600000
-0.400000 1.150000 81.700000
-0.400000 1.300000 81.400000
-0.400000 1.450000 79.500000
-0.400000 1.600000 78.600000
-0.400000 1.750000 78.400000
-0.400000 1.900000 79.200000
-0.400000 2.050000 79.200000
-0.400000 2.200000 78.700000
-0.400000 2.350000 78.600000
-0.400000 2.500000 79.500000
-0.200000 1.000000 82.500000
-0.200000 1.150000 81.400000
-0.200000 1.300000 81.000000
-0.200000 1.450000 80.200000
-0.200000 1.600000 79.000000
-0.200000 1.750000 77.600000
-0.200000 1.900000 78.500000
-0.200000 2.050000 77.300000
-0.200000 2.200000 78.300000
-0.200000 2.350000 78.200000
-0.200000 2.500000 78.500000
0.000000 1.000000 83.000000
0.000000 1.150000 81.600000
0.000000 1.300000 80.700000
0.000000 1.450000 79.700000
0.000000 1.600000 78.600000
0.000000 1.750000 77.100000
0.000000 1.900000 76.300000
0.000000 2.050000 77.900000
0.000000 2.200000 77.000000
0.000000 2.350000 76.500000
0.000000 2.500000 77.000000
