-2.000000 1.000000 83.509930
-2.000000 1.150000 84.966890
-2.000000 1.300000 86.953660
-2.000000 1.450000 87.019870
-2.000000 1.600000 86.821210
-2.000000 1.750000 86.821200
-2.000000 1.900000 87.218540
-2.000000 2.050000 87.152330
-2.000000 2.200000 87.417230
-2.000000 2.350000 87.748360
-2.000000 2.500000 87.549680
-1.800000 1.000000 83.178830
-1.800000 1.150000 84.834440
-1.800000 1.300000 86.953660
-1.800000 1.450000 87.019870
-1.800000 1.600000 86.821210
-1.800000 1.750000 86.821200
-1.800000 1.900000 87.218540
-1.800000 2.050000 87.152330
-1.800000 2.200000 87.417230
-1.800000 2.350000 87.748360
-1.800000 2.500000 87.549680
-1.600000 1.000000 83.178820
-1.600000 1.150000 84.900670
-1.600000 1.300000 86.953660
-1.600000 1.450000 87.019870
-1.600000 1.600000 86.821210
-1.600000 1.750000 86.821200
-1.600000 1.900000 87.218540
-1.600000 2.050000 87.152330
-1.600000 2.200000 87.417230
-1.600000 2.350000 87.748360
-1.600000 2.500000 87.549680
-1.400000 1.000000 84.039740
-1.400000 1.150000 85.099360
-1.400000 1.300000 85.894050
-1.400000 1.450000 86.490070
-1.400000 1.600000 86.423860
-1.400000 1.750000 86.688750
-1.400000 1.900000 87.086090
-1.400000 2.050000 86.953650
-1.400000 2.200000 87.284780
-1.400000 2.350000 87.615910
-1.400000 2.500000 87.417230
-1.200000 1.000000 83.907310
-1.200000 1.150000 84.900680
-1.200000 1.300000 85.430480
-1.200000 1.450000 85.894040
-1.200000 1.600000 86.092740
-1.200000 1.750000 86.556310
-1.200000 1.900000 87.019860
-1.200000 2.050000 86.887420
-1.200000 2.200000 87.284780
-1.200000 2.350000 87.351020
-1.200000 2.500000 87.218560
-1.000000 1.000000 83.642410
-1.000000 1.150000 81.059600
-1.000000 1.300000 82.582780
-1.000000 1.450000 85.033100
-1.000000 1.600000 85.033130
-1.000000 1.750000 85.298040
-1.000000 1.900000 85.827810
-1.000000 2.050000 86.092710
-1.000000 2.200000 86.158940
-1.000000 2.350000 86.423850
-1.000000 2.500000 86.158960
-0.800000 1.000000 83.774860
-0.800000 1.150000 82.119210
-0.800000 1.300000 81.986770
-0.800000 1.450000 83.112590
-0.800000 1.600000 82.119220
-0.800000 1.750000 82.980140
-0.800000 1.900000 83.509920
-0.800000 2.050000 84.635770
-0.800000 2.200000 84.966910
-0.800000 2.350000 84.503330
-0.800000 2.500000 84.105970
-0.600000 1.000000 83.774850
-0.600000 1.150000 81.390730
-0.600000 1.300000 81.589410
-0.600000 1.450000 82.781460
-0.600000 1.600000 81.324510
-0.600000 1.750000 82.781460
-0.600000 1.900000 82.913930
-0.600000 2.050000 83.311270
-0.600000 2.200000 84.105960
-0.600000 2.350000 83.973530
-0.600000 2.500000 83.178820
-0.400000 1.000000 84.172200
-0.400000 1.150000 81.059610
-0.400000 1.300000 81.059600
-0.400000 1.450000 81.788080
-0.400000 1.600000 81.523190
-0.400000 1.750000 81.854320
-0.400000 1.900000 81.920550
-0.400000 2.050000 83.046380
-0.400000 2.200000 83.642390
-0.400000 2.350000 83.443740
-0.400000 2.500000 83.311260
-0.200000 1.000000 84.304660
-0.200000 1.150000 80.264910
-0.200000 1.300000 80.198680
-0.200000 1.450000 80.397360
-0.200000 1.600000 81.589420
-0.200000 1.750000 80.596030
-0.200000 1.900000 80.993380
-0.200000 2.050000 82.384110
-0.200000 2.200000 83.245040
-0.200000 2.350000 83.112600
-0.200000 2.500000 83.112600
0.000000 1.000000 84.172200
0.000000 1.150000 81.390730
0.000000 1.300000 80.596030
0.000000 1.450000 81.258290
0.000000 1.600000 80.397360
0.000000 1.750000 81.059620
0.000000 1.900000 80.860940
0.000000 2.050000 82.119210
0.000000 2.200000 82.516560
0.000000 2.350000 82.781480
0.000000 2.500000 82.649030
