-2.000000 1.000000 55.200000
-2.000000 1.150000 56.450000
-2.000000 1.300000 55.700000
-2.000000 1.450000 55.000000
-2.000000 1.600000 55.150000
-2.000000 1.750000 56.100000
-2.000000 1.900000 55.300000
-2.000000 2.050000 55.350000
-2.000000 2.200000 55.400000
-2.000000 2.350000 55.550000
-2.000000 2.500000 55.300000
-1.800000 1.000000 55.800000
-1.800000 1.150000 55.900000
-1.800000 1.300000 55.300000
-1.800000 1.450000 56.050000
-1.800000 1.600000 55.650000
-1.800000 1.750000 55.700000
-1.800000 1.900000 55.700000
-1.800000 2.050000 55.600000
-1.800000 2.200000 55.350000
-1.800000 2.350000 55.150000
-1.800000 2.500000 55.700000
-1.600000 1.000000 55.850000
-1.600000 1.150000 56.800000
-1.600000 1.300000 56.100000
-1.600000 1.450000 56.050000
-1.600000 1.600000 56.050000
-1.600000 1.750000 56.050000
-1.600000 1.900000 55.350000
-1.600000 2.050000 55.600000
-1.600000 2.200000 55.250000
-1.600000 2.350000 55.300000
-1.600000 2.500000 55.100000
-1.400000 1.000000 55.300000
-1.400000 1.150000 56.750000
-1.400000 1.300000 56.200000
-1.400000 1.450000 56.000000
-1.400000 1.600000 54.850000
-1.400000 1.750000 55.650000
-1.400000 1.900000 54.950000
-1.400000 2.050000 55.350000
-1.400000 2.200000 53.950000
-1.400000 2.350000 54.500000
-1.400000 2.500000 54.950000
-1.200000 1.000000 55.050000
-1.200000 1.150000 55.350000
-1.200000 1.300000 55.900000
-1.200000 1.450000 53.700000
-1.200000 1.600000 54.550000
-1.200000 1.750000 54.900000
-1.200000 1.900000 54.350000
-1.200000 2.050000 53.600000
-1.200000 2.200000 54.350000
-1.200000 2.350000 53.900000
-1.200000 2.500000 53.850000
-1.000000 1.000000 55.950000
-1.000000 1.150000 56.300000
-1.000000 1.300000 55.350000
-1.000000 1.450000 55.200000
-1.000000 1.600000 55.050000
-1.000000 1.750000 54.400000
-1.000000 1.900000 54.450000
-1.000000 2.050000 54.350000
-1.000000 2.200000 54.200000
-1.000000 2.350000 53.800000
-1.000000 2.500000 53.700000
-0.800000 1.000000 55.850000
-0.800000 1.150000 57.100000
-0.800000 1.300000 54.650000
-0.800000 1.450000 54.850000
-0.800000 1.600000 54.050000
-0.800000 1.750000 55.000000
-0.800000 1.900000 54.650000
-0.800000 2.050000 53.950000
-0.800000 2.200000 53.850000
-0.800000 2.350000 53.800000
-0.800000 2.500000 53.650000
-0.600000 1.000000 57.200000
-0.600000 1.150000 56.300000
-0.600000 1.300000 55.800000
-0.600000 1.450000 55.950000
-0.600000 1.600000 55.750000
-0.600000 1.750000 54.950000
-0.600000 1.900000 54.500000
-0.600000 2.050000 54.300000
-0.600000 2.200000 54.700000
-0.600000 2.350000 53.900000
-0.600000 2.500000 54.550000
-0.400000 1.000000 57.950000
-0.400000 1.150000 55.950000
-0.400000 1.300000 56.000000
-0.400000 1.450000 55.200000
-0.400000 1.600000 55.400000
-0.400000 1.750000 54.350000
-0.400000 1.900000 54.400000
-0.400000 2.050000 55.300000
-0.400000 2.200000 55.400000
-0.400000 2.350000 54.300000
-0.400000 2.500000 54.750000
-0.200000 1.000000 57.200000
-0.200000 1.150000 56.400000
-0.200000 1.300000 55.500000
-0.200000 1.450000 55.250000
-0.200000 1.600000 55.000000
-0.200000 1.750000 54.550000
-0.200000 1.900000 53.800000
-0.200000 2.050000 54.100000
-0.200000 2.200000 53.900000
-0.200000 2.350000 53.550000
-0.200000 2.500000 54.350000
0.000000 1.000000 56.950000
0.000000 1.150000 56.800000
0.000000 1.300000 55.050000
0.000000 1.450000 54.350000
0.000000 1.600000 55.100000
0.000000 1.750000 53.750000
0.000000 1.900000 53.250000
0.000000 2.050000 53.900000
0.000000 2.200000 54.050000
0.000000 2.350000 53.700000
0.000000 2.500000 53.750000
