-2.000000 1.000000 97.222200
-2.000000 1.150000 97.222200
-2.000000 1.300000 97.222200
-2.000000 1.450000 97.222200
-2.000000 1.600000 97.222200
-2.000000 1.750000 97.222200
-2.000000 1.900000 97.222200
-2.000000 2.050000 97.222200
-2.000000 2.200000 97.222200
-2.000000 2.350000 97.222200
-2.000000 2.500000 97.222200
-1.800000 1.000000 97.222200
-1.800000 1.150000 97.222200
-1.800000 1.300000 97.222200
-1.800000 1.450000 97.222200
-1.800000 1.600000 97.222200
-1.800000 1.750000 97.222200
-1.800000 1.900000 97.222200
-1.800000 2.050000 97.222200
-1.800000 2.200000 97.222200
-1.800000 2.350000 97.222200
-1.800000 2.500000 97.222200
-1.600000 1.000000 97.222200
-1.600000 1.150000 97.222200
-1.600000 1.300000 97.222200
-1.600000 1.450000 97.222200
-1.600000 1.600000 97.222200
-1.600000 1.750000 97.222200
-1.600000 1.900000 97.222200
-1.600000 2.050000 97.222200
-1.600000 2.200000 97.222200
-1.600000 2.350000 97.222200
-1.600000 2.500000 97.222200
-1.400000 1.000000 97.222200
-1.400000 1.150000 97.222200
-1.400000 1.300000 97.222200
-1.400000 1.450000 97.222200
-1.400000 1.600000 97.222200
-1.400000 1.750000 97.222200
-1.400000 1.900000 97.222200
-1.400000 2.050000 97.222200
-1.400000 2.200000 97.222200
-1.400000 2.350000 97.222200
-1.400000 2.500000 97.222200
-1.200000 1.000000 97.222200
-1.200000 1.150000 97.222200
-1.200000 1.300000 97.222200
-1.200000 1.450000 97.222200
-1.200000 1.600000 97.222200
-1.200000 1.750000 97.222200
-1.200000 1.900000 97.222200
-1.200000 2.050000 97.222200
-1.200000 2.200000 97.222200
-1.200000 2.350000 97.222200
-1.200000 2.500000 97.222200
-1.000000 1.000000 97.222200
-1.000000 1.150000 97.222200
-1.000000 1.300000 97.222200
-1.000000 1.450000 97.222200
-1.000000 1.600000 97.222200
-1.000000 1.750000 97.222200
-1.000000 1.900000 97.222200
-1.000000 2.050000 97.222200
-1.000000 2.200000 97.222200
-1.000000 2.350000 97.222200
-1.000000 2.500000 97.222200
-0.800000 1.000000 97.222200
-0.800000 1.150000 97.222200
-0.800000 1.300000 97.222200
-0.800000 1.450000 97.222200
-0.800000 1.600000 97.222200
-0.800000 1.750000 97.222200
-0.800000 1.900000 97.222200
-0.800000 2.050000 97.222200
-0.800000 2.200000 97.222200
-0.800000 2.350000 97.222200
-0.800000 2.500000 97.222200
-0.600000 1.000000 97.222200
-0.600000 1.150000 97.222200
-0.600000 1.300000 97.222200
-0.600000 1.450000 97.222200
-0.600000 1.600000 97.222200
-0.600000 1.750000 97.222200
-0.600000 1.900000 97.222200
-0.600000 2.050000 97.222200
-0.600000 2.200000 97.222200
-0.600000 2.350000 97.222200
-0.600000 2.500000 97.222200
-0.400000 1.000000 97.222200
-0.400000 1.150000 97.222200
-0.400000 1.300000 97.222200
-0.400000 1.450000 97.222200
-0.400000 1.600000 97.222200
-0.400000 1.750000 97.222200
-0.400000 1.900000 97.222200
-0.400000 2.050000 97.222200
-0.400000 2.200000 97.222200
-0.400000 2.350000 97.222200
-0.400000 2.500000 97.222200
-0.200000 1.000000 97.222200
-0.200000 1.150000 97.222200
-0.200000 1.300000 97.222200
-0.200000 1.450000 97.222200
-0.200000 1.600000 97.222200
-0.200000 1.750000 97.222200
-0.200000 1.900000 97.222200
-0.200000 2.050000 97.222200
-0.200000 2.200000 97.222200
-0.200000 2.350000 97.222200
-0.200000 2.500000 97.222200
0.000000 1.000000 97.222200
0.000000 1.150000 97.222200
0.000000 1.300000 97.222200
0.000000 1.450000 97.222200
0.000000 1.600000 97.222200
0.000000 1.750000 97.222200
0.000000 1.900000 97.222200
0.000000 2.050000 97.222200
0.000000 2.200000 97.222200
0.000000 2.350000 97.222200
0.000000 2.500000 97.222200
