-2.000000 1.000000 78.611100
-2.000000 1.150000 78.287040
-2.000000 1.300000 78.703700
-2.000000 1.450000 77.893510
-2.000000 1.600000 79.629640
-2.000000 1.750000 79.166670
-2.000000 1.900000 79.537040
-2.000000 2.050000 79.629630
-2.000000 2.200000 79.259260
-2.000000 2.350000 77.847220
-2.000000 2.500000 78.171300
-1.800000 1.000000 78.657390
-1.800000 1.150000 78.379630
-1.800000 1.300000 78.888890
-1.800000 1.450000 78.032400
-1.800000 1.600000 79.907420
-1.800000 1.750000 79.236120
-1.800000 1.900000 80.046310
-1.800000 2.050000 80.000010
-1.800000 2.200000 79.513890
-1.800000 2.350000 79.004630
-1.800000 2.500000 78.356490
-1.600000 1.000000 78.611110
-1.600000 1.150000 78.564820
-1.600000 1.300000 78.865740
-1.600000 1.450000 78.101840
-1.600000 1.600000 79.791680
-1.600000 1.750000 78.842600
-1.600000 1.900000 80.879650
-1.600000 2.050000 80.138900
-1.600000 2.200000 79.768520
-1.600000 2.350000 78.912040
-1.600000 2.500000 78.657420
-1.400000 1.000000 78.842590
-1.400000 1.150000 78.495380
-1.400000 1.300000 78.912030
-1.400000 1.450000 78.009250
-1.400000 1.600000 79.699080
-1.400000 1.750000 79.236110
-1.400000 1.900000 80.856500
-1.400000 2.050000 80.046310
-1.400000 2.200000 79.814810
-1.400000 2.350000 78.981480
-1.400000 2.500000 79.097230
-1.200000 1.000000 78.888900
-1.200000 1.150000 78.194450
-1.200000 1.300000 78.750000
-1.200000 1.450000 78.287030
-1.200000 1.600000 78.912060
-1.200000 1.750000 80.023150
-1.200000 1.900000 81.736130
-1.200000 2.050000 81.550930
-1.200000 2.200000 80.902780
-1.200000 2.350000 79.583340
-1.200000 2.500000 79.166680
-1.000000 1.000000 78.587950
-1.000000 1.150000 77.916670
-1.000000 1.300000 78.240750
-1.000000 1.450000 78.611110
-1.000000 1.600000 79.120380
-1.000000 1.750000 80.092600
-1.000000 1.900000 80.879650
-1.000000 2.050000 80.949080
-1.000000 2.200000 80.416670
-1.000000 2.350000 80.347240
-1.000000 2.500000 79.513900
-0.800000 1.000000 77.824070
-0.800000 1.150000 77.615740
-0.800000 1.300000 77.939820
-0.800000 1.450000 77.962950
-0.800000 1.600000 79.027790
-0.800000 1.750000 80.185190
-0.800000 1.900000 81.111130
-0.800000 2.050000 81.180550
-0.800000 2.200000 80.949080
-0.800000 2.350000 80.370380
-0.800000 2.500000 80.300930
-0.600000 1.000000 77.777780
-0.600000 1.150000 77.731480
-0.600000 1.300000 77.939830
-0.600000 1.450000 77.662030
-0.600000 1.600000 78.379640
-0.600000 1.750000 80.416680
-0.600000 1.900000 81.087990
-0.600000 2.050000 80.902770
-0.600000 2.200000 81.064800
-0.600000 2.350000 80.300920
-0.600000 2.500000 80.046300
-0.400000 1.000000 77.754630
-0.400000 1.150000 78.055560
-0.400000 1.300000 77.824090
-0.400000 1.450000 77.939810
-0.400000 1.600000 78.217590
-0.400000 1.750000 79.814830
-0.400000 1.900000 80.509260
-0.400000 2.050000 80.300930
-0.400000 2.200000 80.115740
-0.400000 2.350000 79.537030
-0.400000 2.500000 79.490730
-0.200000 1.000000 76.620380
-0.200000 1.150000 77.685190
-0.200000 1.300000 78.194430
-0.200000 1.450000 78.124990
-0.200000 1.600000 78.888900
-0.200000 1.750000 79.467600
-0.200000 1.900000 79.606480
-0.200000 2.050000 79.837950
-0.200000 2.200000 79.861110
-0.200000 2.350000 79.467580
-0.200000 2.500000 79.166670
0.000000 1.000000 76.504630
0.000000 1.150000 77.222220
0.000000 1.300000 77.314830
0.000000 1.450000 77.268530
0.000000 1.600000 78.171300
0.000000 1.750000 78.564820
0.000000 1.900000 77.962960
0.000000 2.050000 79.305560
0.000000 2.200000 79.212970
0.000000 2.350000 79.189810
0.000000 2.500000 78.101840
