-2.000000 1.000000 90.925940
-2.000000 1.150000 90.925940
-2.000000 1.300000 92.337960
-2.000000 1.450000 95.069450
-2.000000 1.600000 96.875000
-2.000000 1.750000 97.129630
-2.000000 1.900000 97.106480
-2.000000 2.050000 96.250000
-2.000000 2.200000 96.250000
-2.000000 2.350000 96.064810
-2.000000 2.500000 95.925920
-1.800000 1.000000 90.810190
-1.800000 1.150000 90.763900
-1.800000 1.300000 92.361110
-1.800000 1.450000 95.972230
-1.800000 1.600000 96.574070
-1.800000 1.750000 97.129630
-1.800000 1.900000 96.851850
-1.800000 2.050000 96.319440
-1.800000 2.200000 96.365740
-1.800000 2.350000 96.296290
-1.800000 2.500000 95.949070
-1.600000 1.000000 90.810190
-1.600000 1.150000 90.763900
-1.600000 1.300000 92.546290
-1.600000 1.450000 95.972230
-1.600000 1.600000 96.574070
-1.600000 1.750000 97.129630
-1.600000 1.900000 96.851850
-1.600000 2.050000 96.157400
-1.600000 2.200000 96.365740
-1.600000 2.350000 96.134250
-1.600000 2.500000 95.787030
-1.400000 1.000000 90.810190
-1.400000 1.150000 90.856490
-1.400000 1.300000 92.546290
-1.400000 1.450000 96.087970
-1.400000 1.600000 96.527780
-1.400000 1.750000 97.129630
-1.400000 1.900000 96.851850
-1.400000 2.050000 96.157400
-1.400000 2.200000 96.203700
-1.400000 2.350000 96.134250
-1.400000 2.500000 96.018510
-1.200000 1.000000 91.064830
-1.200000 1.150000 90.763900
-1.200000 1.300000 92.523140
-1.200000 1.450000 95.879640
-1.200000 1.600000 96.527780
-1.200000 1.750000 97.083330
-1.200000 1.900000 96.828700
-1.200000 2.050000 96.249990
-1.200000 2.200000 96.111110
-1.200000 2.350000 96.041660
-1.200000 2.500000 95.879620
-1.000000 1.000000 91.064820
-1.000000 1.150000 90.648160
-1.000000 1.300000 91.712970
-1.000000 1.450000 95.787040
-1.000000 1.600000 96.342600
-1.000000 1.750000 97.083330
-1.000000 1.900000 96.782400
-1.000000 2.050000 96.111100
-1.000000 2.200000 96.064810
-1.000000 2.350000 96.157400
-1.000000 2.500000 95.972210
-0.800000 1.000000 90.185180
-0.800000 1.150000 90.555570
-0.800000 1.300000 91.504630
-0.800000 1.450000 94.583340
-0.800000 1.600000 95.833340
-0.800000 1.750000 96.620370
-0.800000 1.900000 96.087950
-0.800000 2.050000 96.064810
-0.800000 2.200000 95.972230
-0.800000 2.350000 96.388890
-0.800000 2.500000 95.717600
-0.600000 1.000000 90.208340
-0.600000 1.150000 90.694440
-0.600000 1.300000 91.851860
-0.600000 1.450000 95.069440
-0.600000 1.600000 94.884260
-0.600000 1.750000 96.203710
-0.600000 1.900000 96.273160
-0.600000 2.050000 96.388890
-0.600000 2.200000 96.712970
-0.600000 2.350000 96.666670
-0.600000 2.500000 96.365750
-0.400000 1.000000 90.254630
-0.400000 1.150000 91.018520
-0.400000 1.300000 92.615740
-0.400000 1.450000 95.972220
-0.400000 1.600000 96.481480
-0.400000 1.750000 96.782410
-0.400000 1.900000 96.689820
-0.400000 2.050000 96.342590
-0.400000 2.200000 96.620370
-0.400000 2.350000 96.666660
-0.400000 2.500000 96.550920
-0.200000 1.000000 90.833330
-0.200000 1.150000 92.129630
-0.200000 1.300000 94.074070
-0.200000 1.450000 95.578710
-0.200000 1.600000 96.412040
-0.200000 1.750000 97.500010
-0.200000 1.900000 97.337970
-0.200000 2.050000 96.643520
-0.200000 2.200000 96.712960
-0.200000 2.350000 96.458330
-0.200000 2.500000 96.226850
0.000000 1.000000 91.041670
0.000000 1.150000 92.430560
0.000000 1.300000 93.449070
0.000000 1.450000 93.101840
0.000000 1.600000 96.296300
0.000000 1.750000 95.856490
0.000000 1.900000 96.875010
0.000000 2.050000 96.319450
0.000000 2.200000 95.972220
0.000000 2.350000 95.787040
0.000000 2.500000 95.578700
