-2.000000 1.000000 93.455000
-2.000000 1.150000 88.510000
-2.000000 1.300000 85.115000
-2.000000 1.450000 79.460000
-2.000000 1.600000 85.495000
-2.000000 1.750000 87.875000
-2.000000 1.900000 90.790000
-2.000000 2.050000 93.955000
-2.000000 2.200000 91.005000
-2.000000 2.350000 91.165000
-2.000000 2.500000 93.950000
-1.800000 1.000000 93.865000
-1.800000 1.150000 89.880000
-1.800000 1.300000 87.840000
-1.800000 1.450000 87.675000
-1.800000 1.600000 87.520000
-1.800000 1.750000 93.200000
-1.800000 1.900000 93.890000
-1.800000 2.050000 90.805000
-1.800000 2.200000 93.605000
-1.800000 2.350000 93.565000
-1.800000 2.500000 93.910000
-1.600000 1.000000 93.615000
-1.600000 1.150000 88.965000
-1.600000 1.300000 87.785000
-1.600000 1.450000 84.945000
-1.600000 1.600000 88.640000
-1.600000 1.750000 90.465000
-1.600000 1.900000 93.625000
-1.600000 2.050000 93.660000
-1.600000 2.200000 93.785000
-1.600000 2.350000 91.385000
-1.600000 2.500000 91.405000
-1.400000 1.000000 94.210000
-1.400000 1.150000 89.815000
-1.400000 1.300000 87.390000
-1.400000 1.450000 86.150000
-1.400000 1.600000 85.380000
-1.400000 1.750000 90.380000
-1.400000 1.900000 93.490000
-1.400000 2.050000 93.775000
-1.400000 2.200000 94.100000
-1.400000 2.350000 93.735000
-1.400000 2.500000 93.910000
-1.200000 1.000000 94.505000
-1.200000 1.150000 91.900000
-1.200000 1.300000 88.240000
-1.200000 1.450000 84.705000
-1.200000 1.600000 83.230000
-1.200000 1.750000 76.790000
-1.200000 1.900000 88.160000
-1.200000 2.050000 90.395000
-1.200000 2.200000 90.920000
-1.200000 2.350000 93.495000
-1.200000 2.500000 87.490000
-1.000000 1.000000 94.305000
-1.000000 1.150000 92.755000
-1.000000 1.300000 87.630000
-1.000000 1.450000 86.180000
-1.000000 1.600000 77.650000
-1.000000 1.750000 75.650000
-1.000000 1.900000 83.965000
-1.000000 2.050000 82.025000
-1.000000 2.200000 93.135000
-1.000000 2.350000 80.765000
-1.000000 2.500000 92.665000
-0.800000 1.000000 93.565000
-0.800000 1.150000 93.860000
-0.800000 1.300000 92.095000
-0.800000 1.450000 88.890000
-0.800000 1.600000 81.250000
-0.800000 1.750000 72.710000
-0.800000 1.900000 85.855000
-0.800000 2.050000 90.980000
-0.800000 2.200000 81.805000
-0.800000 2.350000 87.560000
-0.800000 2.500000 86.760000
-0.600000 1.000000 93.735000
-0.600000 1.150000 92.885000
-0.600000 1.300000 90.390000
-0.600000 1.450000 88.210000
-0.600000 1.600000 78.975000
-0.600000 1.750000 85.790000
-0.600000 1.900000 91.915000
-0.600000 2.050000 89.165000
-0.600000 2.200000 91.080000
-0.600000 2.350000 94.105000
-0.600000 2.500000 93.945000
-0.400000 1.000000 93.600000
-0.400000 1.150000 91.120000
-0.400000 1.300000 91.590000
-0.400000 1.450000 87.905000
-0.400000 1.600000 87.095000
-0.400000 1.750000 94.350000
-0.400000 1.900000 91.450000
-0.400000 2.050000 91.450000
-0.400000 2.200000 91.580000
-0.400000 2.350000 90.580000
-0.400000 2.500000 90.525000
-0.200000 1.000000 93.085000
-0.200000 1.150000 93.485000
-0.200000 1.300000 92.390000
-0.200000 1.450000 91.050000
-0.200000 1.600000 74.340000
-0.200000 1.750000 88.360000
-0.200000 1.900000 82.960000
-0.200000 2.050000 75.395000
-0.200000 2.200000 87.060000
-0.200000 2.350000 89.515000
-0.200000 2.500000 85.310000
0.000000 1.000000 93.585000
0.000000 1.150000 93.235000
0.000000 1.300000 90.775000
0.000000 1.450000 89.015000
0.000000 1.600000 79.285000
0.000000 1.750000 65.925000
0.000000 1.900000 81.475000
0.000000 2.050000 83.795000
0.000000 2.200000 80.560000
0.000000 2.350000 78.715000
0.000000 2.500000 88.585000
