-3.000000 1.000000 94.385000
-3.000000 1.200000 86.020000
-3.000000 1.400000 83.125000
-3.000000 1.600000 89.085000
-3.000000 1.800000 94.410000
-3.000000 2.000000 94.370000
-3.000000 2.200000 94.310000
-3.000000 2.400000 94.270000
-3.000000 2.600000 94.300000
-3.000000 2.800000 94.305000
-3.000000 3.000000 94.315000
-2.700000 1.000000 94.485000
-2.700000 1.200000 85.340000
-2.700000 1.400000 83.755000
-2.700000 1.600000 94.170000
-2.700000 1.800000 94.360000
-2.700000 2.000000 94.350000
-2.700000 2.200000 94.230000
-2.700000 2.400000 94.230000
-2.700000 2.600000 94.180000
-2.700000 2.800000 94.230000
-2.700000 3.000000 94.235000
-2.400000 1.000000 94.380000
-2.400000 1.200000 85.895000
-2.400000 1.400000 73.725000
-2.400000 1.600000 91.400000
-2.400000 1.800000 94.270000
-2.400000 2.000000 94.315000
-2.400000 2.200000 94.195000
-2.400000 2.400000 94.230000
-2.400000 2.600000 94.025000
-2.400000 2.800000 94.010000
-2.400000 3.000000 93.975000
-2.100000 1.000000 92.360000
-2.100000 1.200000 88.405000
-2.100000 1.400000 82.450000
-2.100000 1.600000 84.975000
-2.100000 1.800000 88.190000
-2.100000 2.000000 91.275000
-2.100000 2.200000 94.230000
-2.100000 2.400000 94.325000
-2.100000 2.600000 94.360000
-2.100000 2.800000 94.275000
-2.100000 3.000000 90.705000
-1.800000 1.000000 93.405000
-1.800000 1.200000 87.665000
-1.800000 1.400000 91.095000
-1.800000 1.600000 84.905000
-1.800000 1.800000 90.665000
-1.800000 2.000000 87.985000
-1.800000 2.200000 90.650000
-1.800000 2.400000 90.560000
-1.800000 2.600000 90.655000
-1.800000 2.800000 93.825000
-1.800000 3.000000 93.825000
-1.500000 1.000000 94.295000
-1.500000 1.200000 88.805000
-1.500000 1.400000 85.250000
-1.500000 1.600000 90.685000
-1.500000 1.800000 87.925000
-1.500000 2.000000 91.390000
-1.500000 2.200000 90.950000
-1.500000 2.400000 94.075000
-1.500000 2.600000 94.095000
-1.500000 2.800000 94.025000
-1.500000 3.000000 93.680000
-1.200000 1.000000 93.650000
-1.200000 1.200000 90.750000
-1.200000 1.400000 86.345000
-1.200000 1.600000 76.800000
-1.200000 1.800000 82.830000
-1.200000 2.000000 84.755000
-1.200000 2.200000 90.280000
-1.200000 2.400000 93.575000
-1.200000 2.600000 90.045000
-1.200000 2.800000 92.515000
-1.200000 3.000000 92.635000
-0.900000 1.000000 94.120000
-0.900000 1.200000 92.905000
-0.900000 1.400000 85.700000
-0.900000 1.600000 78.700000
-0.900000 1.800000 80.440000
-0.900000 2.000000 84.960000
-0.900000 2.200000 78.350000
-0.900000 2.400000 87.145000
-0.900000 2.600000 86.285000
-0.900000 2.800000 89.340000
-0.900000 3.000000 92.390000
-0.600000 1.000000 92.590000
-0.600000 1.200000 91.785000
-0.600000 1.400000 88.310000
-0.600000 1.600000 77.735000
-0.600000 1.800000 88.550000
-0.600000 2.000000 94.480000
-0.600000 2.200000 91.340000
-0.600000 2.400000 94.630000
-0.600000 2.600000 94.055000
-0.600000 2.800000 93.580000
-0.600000 3.000000 93.560000
-0.300000 1.000000 92.020000
-0.300000 1.200000 92.350000
-0.300000 1.400000 90.185000
-0.300000 1.600000 76.510000
-0.300000 1.800000 88.845000
-0.300000 2.000000 94.655000
-0.300000 2.200000 91.250000
-0.300000 2.400000 87.390000
-0.300000 2.600000 93.965000
-0.300000 2.800000 93.660000
-0.300000 3.000000 94.255000
0.000000 1.000000 94.180000
0.000000 1.200000 92.915000
0.000000 1.400000 91.540000
0.000000 1.600000 76.185000
0.000000 1.800000 80.960000
0.000000 2.000000 74.500000
0.000000 2.200000 75.425000
0.000000 2.400000 83.510000
0.000000 2.600000 83.685000
0.000000 2.800000 91.485000
0.000000 3.000000 89.380000
