-2.000000 1.000000 81.931810
-2.000000 1.150000 82.159090
-2.000000 1.300000 82.159090
-2.000000 1.450000 81.704550
-2.000000 1.600000 81.477280
-2.000000 1.750000 81.477280
-2.000000 1.900000 81.250010
-2.000000 2.050000 81.250010
-2.000000 2.200000 81.250010
-2.000000 2.350000 81.250010
-2.000000 2.500000 81.250010
-1.800000 1.000000 81.931810
-1.800000 1.150000 82.159090
-1.800000 1.300000 82.159090
-1.800000 1.450000 81.704550
-1.800000 1.600000 81.477280
-1.800000 1.750000 81.477280
-1.800000 1.900000 81.250010
-1.800000 2.050000 81.250010
-1.800000 2.200000 81.250010
-1.800000 2.350000 81.250010
-1.800000 2.500000 81.250010
-1.600000 1.000000 81.931810
-1.600000 1.150000 82.159090
-1.600000 1.300000 82.159090
-1.600000 1.450000 81.704550
-1.600000 1.600000 81.477280
-1.600000 1.750000 81.477280
-1.600000 1.900000 81.250010
-1.600000 2.050000 81.250010
-1.600000 2.200000 81.250010
-1.600000 2.350000 81.250010
-1.600000 2.500000 81.250010
-1.400000 1.000000 81.931810
-1.400000 1.150000 82.159090
-1.400000 1.300000 82.159090
-1.400000 1.450000 81.704550
-1.400000 1.600000 81.477280
-1.400000 1.750000 81.477280
-1.400000 1.900000 81.250010
-1.400000 2.050000 81.250010
-1.400000 2.200000 81.250010
-1.400000 2.350000 81.250010
-1.400000 2.500000 81.250010
-1.200000 1.000000 81.931810
-1.200000 1.150000 82.159090
-1.200000 1.300000 82.159090
-1.200000 1.450000 81.704550
-1.200000 1.600000 81.477280
-1.200000 1.750000 81.477280
-1.200000 1.900000 81.250010
-1.200000 2.050000 81.250010
-1.200000 2.200000 81.250010
-1.200000 2.350000 81.250010
-1.200000 2.500000 81.250010
-1.000000 1.000000 81.931810
-1.000000 1.150000 82.159090
-1.000000 1.300000 82.159090
-1.000000 1.450000 81.704550
-1.000000 1.600000 81.477280
-1.000000 1.750000 81.477280
-1.000000 1.900000 81.250010
-1.000000 2.050000 81.250010
-1.000000 2.200000 81.250010
-1.000000 2.350000 81.250010
-1.000000 2.500000 81.250010
-0.800000 1.000000 81.931810
-0.800000 1.150000 82.159090
-0.800000 1.300000 82.159090
-0.800000 1.450000 81.704550
-0.800000 1.600000 81.477280
-0.800000 1.750000 81.477280
-0.800000 1.900000 81.250010
-0.800000 2.050000 81.250010
-0.800000 2.200000 81.250010
-0.800000 2.350000 81.250010
-0.800000 2.500000 81.250010
-0.600000 1.000000 82.045450
-0.600000 1.150000 82.272730
-0.600000 1.300000 82.272730
-0.600000 1.450000 81.818190
-0.600000 1.600000 81.590920
-0.600000 1.750000 81.590920
-0.600000 1.900000 81.250010
-0.600000 2.050000 81.250010
-0.600000 2.200000 81.250010
-0.600000 2.350000 81.250010
-0.600000 2.500000 81.250010
-0.400000 1.000000 82.045450
-0.400000 1.150000 82.272730
-0.400000 1.300000 82.272730
-0.400000 1.450000 81.818190
-0.400000 1.600000 81.590920
-0.400000 1.750000 81.590920
-0.400000 1.900000 81.250010
-0.400000 2.050000 81.250010
-0.400000 2.200000 81.250010
-0.400000 2.350000 81.250010
-0.400000 2.500000 81.250010
-0.200000 1.000000 81.818180
-0.200000 1.150000 82.045460
-0.200000 1.300000 81.931820
-0.200000 1.450000 81.477280
-0.200000 1.600000 81.250010
-0.200000 1.750000 81.250010
-0.200000 1.900000 80.909100
-0.200000 2.050000 80.909100
-0.200000 2.200000 80.909100
-0.200000 2.350000 80.909100
-0.200000 2.500000 80.909100
0.000000 1.000000 81.250000
0.000000 1.150000 81.250000
0.000000 1.300000 80.795450
0.000000 1.450000 80.795470
0.000000 1.600000 80.795470
0.000000 1.750000 80.795470
0.000000 1.900000 80.681830
0.000000 2.050000 80.681830
0.000000 2.200000 80.681830
0.000000 2.350000 80.681830
0.000000 2.500000 80.681830
