-2.000000 1.000000 86.740240
-2.000000 1.100000 86.262080
-2.000000 1.200000 87.374700
-2.000000 1.300000 87.158630
-2.000000 1.400000 87.213780
-2.000000 1.500000 86.942540
-2.000000 1.600000 86.882760
-2.000000 1.700000 86.689660
-2.000000 1.800000 86.482750
-2.000000 1.900000 86.528730
-2.000000 2.000000 86.593120
-1.800000 1.000000 86.574720
-1.800000 1.100000 86.377020
-1.800000 1.200000 87.374700
-1.800000 1.300000 87.158630
-1.800000 1.400000 87.213780
-1.800000 1.500000 86.942540
-1.800000 1.600000 86.882760
-1.800000 1.700000 86.689660
-1.800000 1.800000 86.482750
-1.800000 1.900000 86.528730
-1.800000 2.000000 86.593120
-1.600000 1.000000 86.514940
-1.600000 1.100000 86.386210
-1.600000 1.200000 87.347120
-1.600000 1.300000 87.158630
-1.600000 1.400000 87.213780
-1.600000 1.500000 86.942540
-1.600000 1.600000 86.882760
-1.600000 1.700000 86.689660
-1.600000 1.800000 86.482750
-1.600000 1.900000 86.528730
-1.600000 2.000000 86.593120
-1.400000 1.000000 86.565510
-1.400000 1.100000 86.386210
-1.400000 1.200000 87.347120
-1.400000 1.300000 87.177020
-1.400000 1.400000 87.250560
-1.400000 1.500000 86.937940
-1.400000 1.600000 86.827580
-1.400000 1.700000 86.666670
-1.400000 1.800000 86.482750
-1.400000 1.900000 86.528730
-1.400000 2.000000 86.593120
-1.200000 1.000000 86.262060
-1.200000 1.100000 86.312660
-1.200000 1.200000 87.466650
-1.200000 1.300000 87.149430
-1.200000 1.400000 87.199990
-1.200000 1.500000 86.905760
-1.200000 1.600000 86.832180
-1.200000 1.700000 86.666670
-1.200000 1.800000 86.441370
-1.200000 1.900000 86.524130
-1.200000 2.000000 86.560930
-1.000000 1.000000 85.866670
-1.000000 1.100000 85.710360
-1.000000 1.200000 86.822990
-1.000000 1.300000 86.183910
-1.000000 1.400000 86.864360
-1.000000 1.500000 86.648290
-1.000000 1.600000 86.680460
-1.000000 1.700000 86.505750
-1.000000 1.800000 86.404620
-1.000000 1.900000 86.436770
-1.000000 2.000000 86.404600
-0.800000 1.000000 84.800010
-0.800000 1.100000 87.402320
-0.800000 1.200000 86.864360
-0.800000 1.300000 87.062070
-0.800000 1.400000 86.160920
-0.800000 1.500000 86.657480
-0.800000 1.600000 86.597710
-0.800000 1.700000 86.473570
-0.800000 1.800000 86.252870
-0.800000 1.900000 86.308050
-0.800000 2.000000 86.243680
-0.600000 1.000000 83.659780
-0.600000 1.100000 84.822990
-0.600000 1.200000 85.659770
-0.600000 1.300000 85.747120
-0.600000 1.400000 86.197720
-0.600000 1.500000 85.912640
-0.600000 1.600000 86.390820
-0.600000 1.700000 85.664380
-0.600000 1.800000 86.013800
-0.600000 1.900000 86.151730
-0.600000 2.000000 86.009190
-0.400000 1.000000 83.751730
-0.400000 1.100000 84.064380
-0.400000 1.200000 85.149420
-0.400000 1.300000 85.241400
-0.400000 1.400000 86.165500
-0.400000 1.500000 86.101150
-0.400000 1.600000 84.317240
-0.400000 1.700000 85.393110
-0.400000 1.800000 85.687360
-0.400000 1.900000 85.779320
-0.400000 2.000000 84.514920
-0.200000 1.000000 84.395420
-0.200000 1.100000 83.190810
-0.200000 1.200000 82.717250
-0.200000 1.300000 84.326430
-0.200000 1.400000 84.703440
-0.200000 1.500000 84.864380
-0.200000 1.600000 83.811500
-0.200000 1.700000 83.448270
-0.200000 1.800000 83.894260
-0.200000 1.900000 84.450560
-0.200000 2.000000 83.080460
0.000000 1.000000 83.434480
0.000000 1.100000 80.574700
0.000000 1.200000 82.413800
0.000000 1.300000 81.641380
0.000000 1.400000 83.039070
0.000000 1.500000 82.349430
0.000000 1.600000 81.089650
0.000000 1.700000 83.443680
0.000000 1.800000 80.252870
0.000000 1.900000 81.172420
0.000000 2.000000 81.195400
