-2.000000 1.000000 71.144830
-2.000000 1.100000 72.749430
-2.000000 1.200000 71.190800
-2.000000 1.300000 72.965530
-2.000000 1.400000 72.970110
-2.000000 1.500000 74.110350
-2.000000 1.600000 73.121840
-2.000000 1.700000 72.009190
-2.000000 1.800000 75.268980
-2.000000 1.900000 72.110360
-2.000000 2.000000 74.147130
-1.800000 1.000000 71.940230
-1.800000 1.100000 72.836780
-1.800000 1.200000 73.618400
-1.800000 1.300000 73.972420
-1.800000 1.400000 71.668950
-1.800000 1.500000 71.549440
-1.800000 1.600000 70.496560
-1.800000 1.700000 70.841380
-1.800000 1.800000 74.694260
-1.800000 1.900000 72.165530
-1.800000 2.000000 71.820690
-1.600000 1.000000 68.556320
-1.600000 1.100000 73.416100
-1.600000 1.200000 73.691950
-1.600000 1.300000 71.894260
-1.600000 1.400000 72.542520
-1.600000 1.500000 71.498850
-1.600000 1.600000 70.588510
-1.600000 1.700000 73.186210
-1.600000 1.800000 73.080470
-1.600000 1.900000 72.147140
-1.600000 2.000000 74.285060
-1.400000 1.000000 70.652880
-1.400000 1.100000 73.048280
-1.400000 1.200000 72.542530
-1.400000 1.300000 73.921860
-1.400000 1.400000 74.891950
-1.400000 1.500000 74.836790
-1.400000 1.600000 71.048280
-1.400000 1.700000 72.740230
-1.400000 1.800000 72.468970
-1.400000 1.900000 72.050580
-1.400000 2.000000 70.156330
-1.200000 1.000000 69.898850
-1.200000 1.100000 71.103450
-1.200000 1.200000 72.551730
-1.200000 1.300000 73.296560
-1.200000 1.400000 73.981600
-1.200000 1.500000 77.622990
-1.200000 1.600000 72.611500
-1.200000 1.700000 73.977010
-1.200000 1.800000 71.319550
-1.200000 1.900000 73.567820
-1.200000 2.000000 73.783920
-1.000000 1.000000 67.995410
-1.000000 1.100000 68.041390
-1.000000 1.200000 63.471250
-1.000000 1.300000 64.078150
-1.000000 1.400000 64.395410
-1.000000 1.500000 61.958630
-1.000000 1.600000 64.216090
-1.000000 1.700000 66.432190
-1.000000 1.800000 62.018400
-1.000000 1.900000 67.121850
-1.000000 2.000000 61.080470
-0.800000 1.000000 66.091950
-0.800000 1.100000 66.979310
-0.800000 1.200000 64.137930
-0.800000 1.300000 65.498850
-0.800000 1.400000 64.758600
-0.800000 1.500000 64.970120
-0.800000 1.600000 63.609180
-0.800000 1.700000 66.675880
-0.800000 1.800000 63.788520
-0.800000 1.900000 66.777010
-0.800000 2.000000 69.503440
-0.600000 1.000000 69.944830
-0.600000 1.100000 66.252870
-0.600000 1.200000 63.328720
-0.600000 1.300000 66.951720
-0.600000 1.400000 65.521820
-0.600000 1.500000 63.227590
-0.600000 1.600000 64.993110
-0.600000 1.700000 63.903450
-0.600000 1.800000 69.245970
-0.600000 1.900000 67.503460
-0.600000 2.000000 64.740220
-0.400000 1.000000 72.335620
-0.400000 1.100000 73.117230
-0.400000 1.200000 63.999990
-0.400000 1.300000 69.714940
-0.400000 1.400000 63.043670
-0.400000 1.500000 63.016100
-0.400000 1.600000 69.016090
-0.400000 1.700000 63.485060
-0.400000 1.800000 66.639060
-0.400000 1.900000 64.188530
-0.400000 2.000000 63.158620
-0.200000 1.000000 70.919540
-0.200000 1.100000 67.898850
-0.200000 1.200000 64.068950
-0.200000 1.300000 66.731030
-0.200000 1.400000 67.282750
-0.200000 1.500000 62.078180
-0.200000 1.600000 65.089660
-0.200000 1.700000 61.572420
-0.200000 1.800000 61.443670
-0.200000 1.900000 65.429900
-0.200000 2.000000 62.032170
0.000000 1.000000 70.197710
0.000000 1.100000 70.321830
0.000000 1.200000 66.689670
0.000000 1.300000 65.416090
0.000000 1.400000 64.285050
0.000000 1.500000 63.554030
0.000000 1.600000 60.960930
0.000000 1.700000 68.257470
0.000000 1.800000 66.639080
0.000000 1.900000 61.554040
0.000000 2.000000 61.006900
