-2.000000 1.000000 75.342540
-2.000000 1.150000 80.689650
-2.000000 1.300000 80.482760
-2.000000 1.450000 80.220710
-2.000000 1.600000 79.701160
-2.000000 1.750000 79.416090
-2.000000 1.900000 79.393100
-2.000000 2.050000 79.190810
-2.000000 2.200000 79.098850
-2.000000 2.350000 79.108060
-2.000000 2.500000 79.002290
-1.800000 1.000000 75.342540
-1.800000 1.150000 80.689650
-1.800000 1.300000 80.482760
-1.800000 1.450000 80.220710
-1.800000 1.600000 79.701160
-1.800000 1.750000 79.416090
-1.800000 1.900000 79.393100
-1.800000 2.050000 79.190810
-1.800000 2.200000 79.098850
-1.800000 2.350000 79.108060
-1.800000 2.500000 79.002290
-1.600000 1.000000 75.342540
-1.600000 1.150000 80.689650
-1.600000 1.300000 80.482760
-1.600000 1.450000 80.220710
-1.600000 1.600000 79.701160
-1.600000 1.750000 79.416090
-1.600000 1.900000 79.393100
-1.600000 2.050000 79.190810
-1.600000 2.200000 79.098850
-1.600000 2.350000 79.108060
-1.600000 2.500000 79.002290
-1.400000 1.000000 75.342540
-1.400000 1.150000 80.689650
-1.400000 1.300000 80.482760
-1.400000 1.450000 80.220710
-1.400000 1.600000 79.701160
-1.400000 1.750000 79.416090
-1.400000 1.900000 79.393100
-1.400000 2.050000 79.190810
-1.400000 2.200000 79.098850
-1.400000 2.350000 79.108060
-1.400000 2.500000 79.002290
-1.200000 1.000000 75.342540
-1.200000 1.150000 80.689650
-1.200000 1.300000 80.482760
-1.200000 1.450000 80.220710
-1.200000 1.600000 79.701160
-1.200000 1.750000 79.416090
-1.200000 1.900000 79.393100
-1.200000 2.050000 79.190810
-1.200000 2.200000 79.098850
-1.200000 2.350000 79.108060
-1.200000 2.500000 79.002290
-1.000000 1.000000 74.151710
-1.000000 1.150000 69.416070
-1.000000 1.300000 70.804590
-1.000000 1.450000 67.613800
-1.000000 1.600000 71.232170
-1.000000 1.750000 70.510340
-1.000000 1.900000 69.577010
-1.000000 2.050000 67.581590
-1.000000 2.200000 66.790800
-1.000000 2.350000 70.519530
-1.000000 2.500000 69.765500
-0.800000 1.000000 72.289660
-0.800000 1.150000 69.287350
-0.800000 1.300000 68.988500
-0.800000 1.450000 68.455180
-0.800000 1.600000 68.128740
-0.800000 1.750000 66.997690
-0.800000 1.900000 66.703450
-0.800000 2.050000 66.280460
-0.800000 2.200000 66.170130
-0.800000 2.350000 66.262070
-0.800000 2.500000 66.022980
-0.600000 1.000000 73.209190
-0.600000 1.150000 67.494250
-0.600000 1.300000 68.142520
-0.600000 1.450000 68.266670
-0.600000 1.600000 66.271260
-0.600000 1.750000 65.848270
-0.600000 1.900000 66.473570
-0.600000 2.050000 65.324140
-0.600000 2.200000 65.167830
-0.600000 2.350000 65.048270
-0.600000 2.500000 64.754010
-0.400000 1.000000 71.949420
-0.400000 1.150000 68.763200
-0.400000 1.300000 68.239080
-0.400000 1.450000 66.018400
-0.400000 1.600000 67.066660
-0.400000 1.750000 65.682750
-0.400000 1.900000 65.213800
-0.400000 2.050000 65.181610
-0.400000 2.200000 64.905760
-0.400000 2.350000 64.795410
-0.400000 2.500000 64.611470
-0.200000 1.000000 72.983910
-0.200000 1.150000 68.919530
-0.200000 1.300000 68.174710
-0.200000 1.450000 66.331050
-0.200000 1.600000 67.678160
-0.200000 1.750000 68.087340
-0.200000 1.900000 67.788510
-0.200000 2.050000 66.533340
-0.200000 2.200000 66.206900
-0.200000 2.350000 66.101160
-0.200000 2.500000 65.972390
0.000000 1.000000 72.331040
0.000000 1.150000 66.473560
0.000000 1.300000 66.979320
0.000000 1.450000 63.728740
0.000000 1.600000 65.788480
0.000000 1.750000 63.999990
0.000000 1.900000 65.420700
0.000000 2.050000 64.455170
0.000000 2.200000 64.344820
0.000000 2.350000 64.151730
0.000000 2.500000 64.045960
