-3.000000 1.000000 85.512640
-3.000000 1.200000 85.590790
-3.000000 1.400000 85.213800
-3.000000 1.600000 84.657470
-3.000000 1.800000 84.216100
-3.000000 2.000000 83.954030
-3.000000 2.200000 83.825290
-3.000000 2.400000 83.742540
-3.000000 2.600000 83.733330
-3.000000 2.800000 83.751720
-3.000000 3.000000 83.737930
-2.700000 1.000000 85.512640
-2.700000 1.200000 85.590790
-2.700000 1.400000 85.213800
-2.700000 1.600000 84.657470
-2.700000 1.800000 84.216100
-2.700000 2.000000 83.954030
-2.700000 2.200000 83.825290
-2.700000 2.400000 83.742540
-2.700000 2.600000 83.733330
-2.700000 2.800000 83.751720
-2.700000 3.000000 83.737930
-2.400000 1.000000 85.512640
-2.400000 1.200000 85.590790
-2.400000 1.400000 85.213800
-2.400000 1.600000 84.657470
-2.400000 1.800000 84.216100
-2.400000 2.000000 83.954030
-2.400000 2.200000 83.825290
-2.400000 2.400000 83.742540
-2.400000 2.600000 83.733330
-2.400000 2.800000 83.751720
-2.400000 3.000000 83.737930
-2.100000 1.000000 85.512640
-2.100000 1.200000 85.590790
-2.100000 1.400000 85.213800
-2.100000 1.600000 84.657470
-2.100000 1.800000 84.216100
-2.100000 2.000000 83.954030
-2.100000 2.200000 83.825290
-2.100000 2.400000 83.742540
-2.100000 2.600000 83.733330
-2.100000 2.800000 83.751720
-2.100000 3.000000 83.737930
-1.800000 1.000000 85.512640
-1.800000 1.200000 85.590790
-1.800000 1.400000 85.213800
-1.800000 1.600000 84.657470
-1.800000 1.800000 84.216100
-1.800000 2.000000 83.954030
-1.800000 2.200000 83.825290
-1.800000 2.400000 83.742540
-1.800000 2.600000 83.733330
-1.800000 2.800000 83.751720
-1.800000 3.000000 83.737930
-1.500000 1.000000 85.512640
-1.500000 1.200000 85.590790
-1.500000 1.400000 85.213800
-1.500000 1.600000 84.657470
-1.500000 1.800000 84.216100
-1.500000 2.000000 83.954030
-1.500000 2.200000 83.825290
-1.500000 2.400000 83.742540
-1.500000 2.600000 83.733330
-1.500000 2.800000 83.751720
-1.500000 3.000000 83.737930
-1.200000 1.000000 85.512640
-1.200000 1.200000 85.590790
-1.200000 1.400000 85.213800
-1.200000 1.600000 84.657470
-1.200000 1.800000 84.216100
-1.200000 2.000000 83.954030
-1.200000 2.200000 83.825290
-1.200000 2.400000 83.742540
-1.200000 2.600000 83.733330
-1.200000 2.800000 83.751720
-1.200000 3.000000 83.737930
-0.900000 1.000000 83.999990
-0.900000 1.200000 84.804590
-0.900000 1.400000 84.404600
-0.900000 1.600000 83.866670
-0.900000 1.800000 83.668970
-0.900000 2.000000 83.416090
-0.900000 2.200000 83.365530
-0.900000 2.400000 83.236790
-0.900000 2.600000 83.282760
-0.900000 2.800000 83.314950
-0.900000 3.000000 83.301160
-0.600000 1.000000 83.466650
-0.600000 1.200000 84.441380
-0.600000 1.400000 84.124150
-0.600000 1.600000 83.659770
-0.600000 1.800000 83.402300
-0.600000 2.000000 83.319540
-0.600000 2.200000 83.195410
-0.600000 2.400000 83.071270
-0.600000 2.600000 83.062070
-0.600000 2.800000 83.098850
-0.600000 3.000000 83.135630
-0.300000 1.000000 82.404580
-0.300000 1.200000 83.333320
-0.300000 1.400000 83.223000
-0.300000 1.600000 82.597690
-0.300000 1.800000 82.671270
-0.300000 2.000000 82.473570
-0.300000 2.200000 82.197710
-0.300000 2.400000 82.220690
-0.300000 2.600000 82.202310
-0.300000 2.800000 82.229900
-0.300000 3.000000 82.225300
0.000000 1.000000 81.158610
0.000000 1.200000 82.537930
0.000000 1.400000 82.308060
0.000000 1.600000 82.220690
0.000000 1.800000 81.862080
0.000000 2.000000 81.921850
0.000000 2.200000 81.894260
0.000000 2.400000 81.935620
0.000000 2.600000 81.931050
0.000000 2.800000 82.050590
0.000000 3.000000 82.000010
