-2.000000 1.000000 75.986210
-2.000000 1.150000 80.891960
-2.000000 1.300000 80.606900
-2.000000 1.450000 80.183910
-2.000000 1.600000 79.981620
-2.000000 1.750000 79.521850
-2.000000 1.900000 79.452880
-2.000000 2.050000 79.305760
-2.000000 2.200000 79.075860
-2.000000 2.350000 78.942520
-2.000000 2.500000 78.979310
-1.800000 1.000000 75.986210
-1.800000 1.150000 80.891960
-1.800000 1.300000 80.606900
-1.800000 1.450000 80.183910
-1.800000 1.600000 79.981620
-1.800000 1.750000 79.521850
-1.800000 1.900000 79.452880
-1.800000 2.050000 79.305760
-1.800000 2.200000 79.075860
-1.800000 2.350000 78.942520
-1.800000 2.500000 78.979310
-1.600000 1.000000 75.986210
-1.600000 1.150000 80.891960
-1.600000 1.300000 80.606900
-1.600000 1.450000 80.183910
-1.600000 1.600000 79.981620
-1.600000 1.750000 79.521850
-1.600000 1.900000 79.452880
-1.600000 2.050000 79.305760
-1.600000 2.200000 79.075860
-1.600000 2.350000 78.942520
-1.600000 2.500000 78.979310
-1.400000 1.000000 75.986210
-1.400000 1.150000 80.891960
-1.400000 1.300000 80.606900
-1.400000 1.450000 80.183910
-1.400000 1.600000 79.981620
-1.400000 1.750000 79.521850
-1.400000 1.900000 79.452880
-1.400000 2.050000 79.305760
-1.400000 2.200000 79.075860
-1.400000 2.350000 78.942520
-1.400000 2.500000 78.979310
-1.200000 1.000000 75.986210
-1.200000 1.150000 80.891960
-1.200000 1.300000 80.606900
-1.200000 1.450000 80.183910
-1.200000 1.600000 79.981620
-1.200000 1.750000 79.521850
-1.200000 1.900000 79.452880
-1.200000 2.050000 79.305760
-1.200000 2.200000 79.075860
-1.200000 2.350000 78.942520
-1.200000 2.500000 78.979310
-1.000000 1.000000 75.066660
-1.000000 1.150000 68.542540
-1.000000 1.300000 67.485060
-1.000000 1.450000 70.358620
-1.000000 1.600000 67.687370
-1.000000 1.750000 67.052880
-1.000000 1.900000 66.763220
-1.000000 2.050000 66.496560
-1.000000 2.200000 66.013800
-1.000000 2.350000 68.400000
-1.000000 2.500000 65.793100
-0.800000 1.000000 74.239090
-0.800000 1.150000 69.659770
-0.800000 1.300000 68.910330
-0.800000 1.450000 68.211510
-0.800000 1.600000 67.388520
-0.800000 1.750000 66.818380
-0.800000 1.900000 66.680460
-0.800000 2.050000 68.151720
-0.800000 2.200000 65.912650
-0.800000 2.350000 65.687360
-0.800000 2.500000 65.600000
-0.600000 1.000000 73.351720
-0.600000 1.150000 67.852870
-0.600000 1.300000 67.048270
-0.600000 1.450000 66.202310
-0.600000 1.600000 65.236790
-0.600000 1.750000 64.767800
-0.600000 1.900000 64.593100
-0.600000 2.050000 65.963210
-0.600000 2.200000 63.724140
-0.600000 2.350000 63.457480
-0.600000 2.500000 63.411490
-0.400000 1.000000 72.919540
-0.400000 1.150000 66.464360
-0.400000 1.300000 65.811490
-0.400000 1.450000 64.997710
-0.400000 1.600000 64.087350
-0.400000 1.750000 63.687350
-0.400000 1.900000 63.365500
-0.400000 2.050000 63.062060
-0.400000 2.200000 62.928730
-0.400000 2.350000 62.629890
-0.400000 2.500000 62.685050
-0.200000 1.000000 72.868950
-0.200000 1.150000 64.850570
-0.200000 1.300000 64.041360
-0.200000 1.450000 63.291960
-0.200000 1.600000 62.326440
-0.200000 1.750000 61.816090
-0.200000 1.900000 61.420670
-0.200000 2.050000 61.131030
-0.200000 2.200000 60.937930
-0.200000 2.350000 60.537940
-0.200000 2.500000 60.570110
0.000000 1.000000 73.825280
0.000000 1.150000 64.901140
0.000000 1.300000 64.068940
0.000000 1.450000 63.333340
0.000000 1.600000 62.510350
0.000000 1.750000 61.981610
0.000000 1.900000 61.618370
0.000000 2.050000 61.319540
0.000000 2.200000 61.020690
0.000000 2.350000 60.648270
0.000000 2.500000 60.620690
