-3.000000 1.000000 76.072230
-3.000000 1.200000 71.715570
-3.000000 1.400000 68.826190
-3.000000 1.600000 67.246060
-3.000000 1.800000 66.568850
-3.000000 2.000000 65.575620
-3.000000 2.200000 65.801360
-3.000000 2.400000 64.875860
-3.000000 2.600000 65.124160
-3.000000 2.800000 65.823930
-3.000000 3.000000 66.546300
-2.700000 1.000000 76.072240
-2.700000 1.200000 71.218970
-2.700000 1.400000 69.164780
-2.700000 1.600000 66.907450
-2.700000 1.800000 67.065490
-2.700000 2.000000 65.462760
-2.700000 2.200000 65.801370
-2.700000 2.400000 65.011300
-2.700000 2.600000 66.997740
-2.700000 2.800000 64.921000
-2.700000 3.000000 64.672700
-2.400000 1.000000 75.485330
-2.400000 1.200000 71.918750
-2.400000 1.400000 69.232530
-2.400000 1.600000 68.261880
-2.400000 1.800000 66.794590
-2.400000 2.000000 66.320540
-2.400000 2.200000 65.056420
-2.400000 2.400000 65.914240
-2.400000 2.600000 65.349910
-2.400000 2.800000 64.740410
-2.400000 3.000000 66.478580
-2.100000 1.000000 76.433400
-2.100000 1.200000 72.099320
-2.100000 1.400000 69.480820
-2.100000 1.600000 68.781050
-2.100000 1.800000 67.133190
-2.100000 2.000000 67.042920
-2.100000 2.200000 66.207680
-2.100000 2.400000 65.823940
-2.100000 2.600000 65.936830
-2.100000 2.800000 64.988720
-2.100000 3.000000 65.169300
-1.800000 1.000000 75.507900
-1.800000 1.200000 72.889390
-1.800000 1.400000 69.774260
-1.800000 1.600000 67.787830
-1.800000 1.800000 67.404070
-1.800000 2.000000 66.772010
-1.800000 2.200000 66.049670
-1.800000 2.400000 66.185120
-1.800000 2.600000 65.823920
-1.800000 2.800000 65.417620
-1.800000 3.000000 65.914240
-1.500000 1.000000 76.275400
-1.500000 1.200000 71.873580
-1.500000 1.400000 69.774290
-1.500000 1.600000 69.187360
-1.500000 1.800000 66.975170
-1.500000 2.000000 66.749440
-1.500000 2.200000 66.907450
-1.500000 2.400000 65.891670
-1.500000 2.600000 65.417620
-1.500000 2.800000 65.823930
-1.500000 3.000000 63.611760
-1.200000 1.000000 75.349880
-1.200000 1.200000 71.963870
-1.200000 1.400000 69.729130
-1.200000 1.600000 68.465020
-1.200000 1.800000 66.907450
-1.200000 2.000000 66.455990
-1.200000 2.200000 65.598190
-1.200000 2.400000 65.146730
-1.200000 2.600000 64.785570
-1.200000 2.800000 63.702050
-1.200000 3.000000 64.266370
-0.900000 1.000000 74.988710
-0.900000 1.200000 70.835220
-0.900000 1.400000 68.939050
-0.900000 1.600000 67.652400
-0.900000 1.800000 66.297980
-0.900000 2.000000 66.049660
-0.900000 2.200000 65.530480
-0.900000 2.400000 65.553060
-0.900000 2.600000 64.063210
-0.900000 2.800000 63.950360
-0.900000 3.000000 62.776530
-0.600000 1.000000 73.747180
-0.600000 1.200000 71.038370
-0.600000 1.400000 68.645590
-0.600000 1.600000 67.336360
-0.600000 1.800000 66.839740
-0.600000 2.000000 65.643350
-0.600000 2.200000 64.108370
-0.600000 2.400000 63.814900
-0.600000 2.600000 63.882620
-0.600000 2.800000 63.250560
-0.600000 3.000000 62.505640
-0.300000 1.000000 74.582390
-0.300000 1.200000 70.383750
-0.300000 1.400000 68.058710
-0.300000 1.600000 66.817160
-0.300000 1.800000 65.688490
-0.300000 2.000000 65.011310
-0.300000 2.200000 63.747180
-0.300000 2.400000 63.498870
-0.300000 2.600000 62.573370
-0.300000 2.800000 61.173800
-0.300000 3.000000 61.151240
0.000000 1.000000 74.153510
0.000000 1.200000 70.338610
0.000000 1.400000 68.148980
0.000000 1.600000 66.072240
0.000000 1.800000 64.672700
0.000000 2.000000 63.498860
0.000000 2.200000 63.340860
0.000000 2.400000 62.392760
0.000000 2.600000 60.609460
0.000000 2.800000 61.128660
0.000000 3.000000 60.248310
