-2.000000 1.000000 92.582500
-2.000000 1.100000 90.012500
-2.000000 1.200000 93.627500
-2.000000 1.300000 93.607500
-2.000000 1.400000 93.602500
-2.000000 1.500000 93.595000
-2.000000 1.600000 93.645000
-2.000000 1.700000 93.552500
-2.000000 1.800000 93.527500
-2.000000 1.900000 93.497500
-2.000000 2.000000 93.492500
-1.800000 1.000000 93.237500
-1.800000 1.100000 92.477500
-1.800000 1.200000 93.685000
-1.800000 1.300000 93.587500
-1.800000 1.400000 93.575000
-1.800000 1.500000 93.577500
-1.800000 1.600000 93.595000
-1.800000 1.700000 93.530000
-1.800000 1.800000 93.520000
-1.800000 1.900000 93.452500
-1.800000 2.000000 93.487500
-1.600000 1.000000 92.337500
-1.600000 1.100000 92.447500
-1.600000 1.200000 93.750000
-1.600000 1.300000 93.752500
-1.600000 1.400000 93.600000
-1.600000 1.500000 93.610000
-1.600000 1.600000 93.627500
-1.600000 1.700000 93.547500
-1.600000 1.800000 93.512500
-1.600000 1.900000 93.447500
-1.600000 2.000000 93.470000
-1.400000 1.000000 92.845000
-1.400000 1.100000 92.772500
-1.400000 1.200000 93.927500
-1.400000 1.300000 93.737500
-1.400000 1.400000 93.700000
-1.400000 1.500000 93.685000
-1.400000 1.600000 93.667500
-1.400000 1.700000 93.730000
-1.400000 1.800000 93.657500
-1.400000 1.900000 93.715000
-1.400000 2.000000 93.680000
-1.200000 1.000000 88.072500
-1.200000 1.100000 92.375000
-1.200000 1.200000 94.007500
-1.200000 1.300000 94.137500
-1.200000 1.400000 93.840000
-1.200000 1.500000 93.797500
-1.200000 1.600000 93.872500
-1.200000 1.700000 93.877500
-1.200000 1.800000 93.872500
-1.200000 1.900000 93.742500
-1.200000 2.000000 93.737500
-1.000000 1.000000 87.950000
-1.000000 1.100000 83.445000
-1.000000 1.200000 83.185000
-1.000000 1.300000 84.202500
-1.000000 1.400000 82.355000
-1.000000 1.500000 81.240000
-1.000000 1.600000 80.747500
-1.000000 1.700000 79.507500
-1.000000 1.800000 79.357500
-1.000000 1.900000 77.755000
-1.000000 2.000000 79.180000
-0.800000 1.000000 87.747500
-0.800000 1.100000 85.122500
-0.800000 1.200000 84.562500
-0.800000 1.300000 84.262500
-0.800000 1.400000 84.060000
-0.800000 1.500000 83.485000
-0.800000 1.600000 84.755000
-0.800000 1.700000 83.885000
-0.800000 1.800000 83.540000
-0.800000 1.900000 85.127500
-0.800000 2.000000 83.580000
-0.600000 1.000000 88.950000
-0.600000 1.100000 84.452500
-0.600000 1.200000 84.197500
-0.600000 1.300000 85.255000
-0.600000 1.400000 84.262500
-0.600000 1.500000 83.495000
-0.600000 1.600000 82.985000
-0.600000 1.700000 82.155000
-0.600000 1.800000 83.752500
-0.600000 1.900000 84.907500
-0.600000 2.000000 81.787500
-0.400000 1.000000 88.642500
-0.400000 1.100000 84.505000
-0.400000 1.200000 84.255000
-0.400000 1.300000 84.595000
-0.400000 1.400000 83.025000
-0.400000 1.500000 82.622500
-0.400000 1.600000 82.542500
-0.400000 1.700000 83.282500
-0.400000 1.800000 84.810000
-0.400000 1.900000 85.435000
-0.400000 2.000000 83.347500
-0.200000 1.000000 88.522500
-0.200000 1.100000 84.420000
-0.200000 1.200000 83.950000
-0.200000 1.300000 83.437500
-0.200000 1.400000 83.267500
-0.200000 1.500000 82.915000
-0.200000 1.600000 83.240000
-0.200000 1.700000 83.200000
-0.200000 1.800000 85.402500
-0.200000 1.900000 84.715000
-0.200000 2.000000 84.950000
0.000000 1.000000 88.657500
0.000000 1.100000 84.382500
0.000000 1.200000 83.937500
0.000000 1.300000 83.562500
0.000000 1.400000 83.285000
0.000000 1.500000 82.402500
0.000000 1.600000 84.360000
0.000000 1.700000 86.715000
0.000000 1.800000 83.305000
0.000000 1.900000 85.107500
0.000000 2.000000 82.152500
