-3.000000 1.000000 74.604960
-3.000000 1.200000 72.234750
-3.000000 1.400000 71.196380
-3.000000 1.600000 69.367940
-3.000000 1.800000 69.503390
-3.000000 2.000000 67.945840
-3.000000 2.200000 67.471800
-3.000000 2.400000 66.681720
-3.000000 2.600000 66.117400
-3.000000 2.800000 65.214470
-3.000000 3.000000 65.146730
-2.700000 1.000000 75.214440
-2.700000 1.200000 72.167040
-2.700000 1.400000 70.857790
-2.700000 1.600000 69.593690
-2.700000 1.800000 68.893900
-2.700000 2.000000 67.855540
-2.700000 2.200000 67.449220
-2.700000 2.400000 66.839740
-2.700000 2.600000 65.530480
-2.700000 2.800000 64.921010
-2.700000 3.000000 64.446970
-2.400000 1.000000 74.672700
-2.400000 1.200000 72.528220
-2.400000 1.400000 70.316040
-2.400000 1.600000 70.767500
-2.400000 1.800000 68.532740
-2.400000 2.000000 67.607240
-2.400000 2.200000 66.659150
-2.400000 2.400000 66.478570
-2.400000 2.600000 66.207690
-2.400000 2.800000 64.966150
-2.400000 3.000000 64.176080
-2.100000 1.000000 74.446950
-2.100000 1.200000 72.844240
-2.100000 1.400000 71.805880
-2.100000 1.600000 70.270880
-2.100000 1.800000 69.164800
-2.100000 2.000000 66.704300
-2.100000 2.200000 68.758490
-2.100000 2.400000 66.094810
-2.100000 2.600000 65.665930
-2.100000 2.800000 65.553060
-2.100000 3.000000 66.072220
-1.800000 1.000000 74.740410
-1.800000 1.200000 72.844250
-1.800000 1.400000 71.489850
-1.800000 1.600000 70.609490
-1.800000 1.800000 68.781050
-1.800000 2.000000 67.516930
-1.800000 2.200000 67.358920
-1.800000 2.400000 65.011300
-1.800000 2.600000 67.471800
-1.800000 2.800000 64.514670
-1.800000 3.000000 63.634310
-1.500000 1.000000 74.356670
-1.500000 1.200000 72.257350
-1.500000 1.400000 71.128670
-1.500000 1.600000 71.038370
-1.500000 1.800000 70.203160
-1.500000 2.000000 66.839750
-1.500000 2.200000 66.185110
-1.500000 2.400000 65.981940
-1.500000 2.600000 65.056440
-1.500000 2.800000 64.492110
-1.500000 3.000000 62.844250
-1.200000 1.000000 74.762980
-1.200000 1.200000 72.347650
-1.200000 1.400000 71.083520
-1.200000 1.600000 68.984210
-1.200000 1.800000 68.465030
-1.200000 2.000000 65.598200
-1.200000 2.200000 65.959370
-1.200000 2.400000 65.530490
-1.200000 2.600000 63.724620
-1.200000 2.800000 63.340860
-1.200000 3.000000 62.731380
-0.900000 1.000000 74.198650
-0.900000 1.200000 71.896160
-0.900000 1.400000 71.738150
-0.900000 1.600000 68.871340
-0.900000 1.800000 67.223480
-0.900000 2.000000 66.320560
-0.900000 2.200000 65.440190
-0.900000 2.400000 65.981950
-0.900000 2.600000 63.860050
-0.900000 2.800000 63.273130
-0.900000 3.000000 63.702030
-0.600000 1.000000 74.108360
-0.600000 1.200000 70.316030
-0.600000 1.400000 69.345380
-0.600000 1.600000 67.765250
-0.600000 1.800000 67.381500
-0.600000 2.000000 65.959380
-0.600000 2.200000 65.033890
-0.600000 2.400000 63.995470
-0.600000 2.600000 63.882650
-0.600000 2.800000 62.505640
-0.600000 3.000000 62.347630
-0.300000 1.000000 73.273140
-0.300000 1.200000 70.293460
-0.300000 1.400000 69.390520
-0.300000 1.600000 67.426650
-0.300000 1.800000 66.930030
-0.300000 2.000000 65.146730
-0.300000 2.200000 65.349920
-0.300000 2.400000 64.288950
-0.300000 2.600000 64.176100
-0.300000 2.800000 63.431160
-0.300000 3.000000 62.889400
0.000000 1.000000 73.363440
0.000000 1.200000 69.887150
0.000000 1.400000 69.074520
0.000000 1.600000 67.268640
0.000000 1.800000 66.185120
0.000000 2.000000 64.966160
0.000000 2.200000 64.853280
0.000000 2.400000 64.108370
0.000000 2.600000 64.266370
0.000000 2.800000 62.889390
0.000000 3.000000 62.641090
