-2.000000 1.000000 95.240000
-2.000000 1.100000 94.987500
-2.000000 1.200000 94.935000
-2.000000 1.300000 94.885000
-2.000000 1.400000 94.875000
-2.000000 1.500000 94.887500
-2.000000 1.600000 94.887500
-2.000000 1.700000 94.887500
-2.000000 1.800000 94.887500
-2.000000 1.900000 94.887500
-2.000000 2.000000 94.887500
-1.800000 1.000000 95.240000
-1.800000 1.100000 94.990000
-1.800000 1.200000 94.935000
-1.800000 1.300000 94.887500
-1.800000 1.400000 94.867500
-1.800000 1.500000 94.882500
-1.800000 1.600000 94.882500
-1.800000 1.700000 94.882500
-1.800000 1.800000 94.882500
-1.800000 1.900000 94.882500
-1.800000 2.000000 94.882500
-1.600000 1.000000 95.210000
-1.600000 1.100000 94.982500
-1.600000 1.200000 94.922500
-1.600000 1.300000 94.867500
-1.600000 1.400000 94.857500
-1.600000 1.500000 94.855000
-1.600000 1.600000 94.857500
-1.600000 1.700000 94.857500
-1.600000 1.800000 94.857500
-1.600000 1.900000 94.855000
-1.600000 2.000000 94.855000
-1.400000 1.000000 95.080000
-1.400000 1.100000 94.810000
-1.400000 1.200000 94.782500
-1.400000 1.300000 94.767500
-1.400000 1.400000 94.775000
-1.400000 1.500000 94.760000
-1.400000 1.600000 94.757500
-1.400000 1.700000 94.762500
-1.400000 1.800000 94.765000
-1.400000 1.900000 94.762500
-1.400000 2.000000 94.762500
-1.200000 1.000000 94.815000
-1.200000 1.100000 94.542500
-1.200000 1.200000 94.710000
-1.200000 1.300000 94.652500
-1.200000 1.400000 94.637500
-1.200000 1.500000 94.642500
-1.200000 1.600000 94.642500
-1.200000 1.700000 94.635000
-1.200000 1.800000 94.637500
-1.200000 1.900000 94.637500
-1.200000 2.000000 94.637500
-1.000000 1.000000 91.560000
-1.000000 1.100000 88.145000
-1.000000 1.200000 95.365000
-1.000000 1.300000 94.925000
-1.000000 1.400000 94.657500
-1.000000 1.500000 94.390000
-1.000000 1.600000 94.177500
-1.000000 1.700000 94.032500
-1.000000 1.800000 93.952500
-1.000000 1.900000 93.905000
-1.000000 2.000000 93.842500
-0.800000 1.000000 91.340000
-0.800000 1.100000 87.947500
-0.800000 1.200000 86.637500
-0.800000 1.300000 93.685000
-0.800000 1.400000 93.787500
-0.800000 1.500000 93.597500
-0.800000 1.600000 93.387500
-0.800000 1.700000 93.195000
-0.800000 1.800000 92.987500
-0.800000 1.900000 92.870000
-0.800000 2.000000 92.740000
-0.600000 1.000000 91.310000
-0.600000 1.100000 88.050000
-0.600000 1.200000 87.012500
-0.600000 1.300000 93.857500
-0.600000 1.400000 93.845000
-0.600000 1.500000 93.825000
-0.600000 1.600000 93.677500
-0.600000 1.700000 93.510000
-0.600000 1.800000 93.297500
-0.600000 1.900000 93.185000
-0.600000 2.000000 93.057500
-0.400000 1.000000 91.427500
-0.400000 1.100000 88.265000
-0.400000 1.200000 87.187500
-0.400000 1.300000 92.857500
-0.400000 1.400000 93.945000
-0.400000 1.500000 93.967500
-0.400000 1.600000 93.865000
-0.400000 1.700000 93.680000
-0.400000 1.800000 93.535000
-0.400000 1.900000 93.407500
-0.400000 2.000000 93.285000
-0.200000 1.000000 91.602500
-0.200000 1.100000 88.157500
-0.200000 1.200000 87.130000
-0.200000 1.300000 93.050000
-0.200000 1.400000 94.115000
-0.200000 1.500000 94.272500
-0.200000 1.600000 94.197500
-0.200000 1.700000 93.995000
-0.200000 1.800000 93.830000
-0.200000 1.900000 93.637500
-0.200000 2.000000 93.450000
0.000000 1.000000 91.835000
0.000000 1.100000 88.670000
0.000000 1.200000 87.655000
0.000000 1.300000 94.062500
0.000000 1.400000 94.505000
0.000000 1.500000 94.330000
0.000000 1.600000 94.407500
0.000000 1.700000 94.440000
0.000000 1.800000 94.365000
0.000000 1.900000 94.067500
0.000000 2.000000 93.917500
