-2.000000 1.000000 92.702500
-2.000000 1.100000 92.587500
-2.000000 1.200000 92.572500
-2.000000 1.300000 92.535000
-2.000000 1.400000 92.532500
-2.000000 1.500000 92.537500
-2.000000 1.600000 92.537500
-2.000000 1.700000 92.537500
-2.000000 1.800000 92.540000
-2.000000 1.900000 92.540000
-2.000000 2.000000 92.540000
-1.800000 1.000000 92.702500
-1.800000 1.100000 92.587500
-1.800000 1.200000 92.572500
-1.800000 1.300000 92.535000
-1.800000 1.400000 92.532500
-1.800000 1.500000 92.537500
-1.800000 1.600000 92.537500
-1.800000 1.700000 92.537500
-1.800000 1.800000 92.540000
-1.800000 1.900000 92.540000
-1.800000 2.000000 92.540000
-1.600000 1.000000 92.702500
-1.600000 1.100000 92.587500
-1.600000 1.200000 92.572500
-1.600000 1.300000 92.535000
-1.600000 1.400000 92.532500
-1.600000 1.500000 92.537500
-1.600000 1.600000 92.537500
-1.600000 1.700000 92.537500
-1.600000 1.800000 92.540000
-1.600000 1.900000 92.540000
-1.600000 2.000000 92.540000
-1.400000 1.000000 92.685000
-1.400000 1.100000 92.580000
-1.400000 1.200000 92.562500
-1.400000 1.300000 92.535000
-1.400000 1.400000 92.540000
-1.400000 1.500000 92.545000
-1.400000 1.600000 92.542500
-1.400000 1.700000 92.542500
-1.400000 1.800000 92.547500
-1.400000 1.900000 92.547500
-1.400000 2.000000 92.547500
-1.200000 1.000000 92.435000
-1.200000 1.100000 92.382500
-1.200000 1.200000 92.395000
-1.200000 1.300000 92.435000
-1.200000 1.400000 92.437500
-1.200000 1.500000 92.430000
-1.200000 1.600000 92.430000
-1.200000 1.700000 92.427500
-1.200000 1.800000 92.427500
-1.200000 1.900000 92.430000
-1.200000 2.000000 92.430000
-1.000000 1.000000 87.662500
-1.000000 1.100000 89.960000
-1.000000 1.200000 92.737500
-1.000000 1.300000 92.670000
-1.000000 1.400000 92.290000
-1.000000 1.500000 91.892500
-1.000000 1.600000 91.892500
-1.000000 1.700000 91.715000
-1.000000 1.800000 91.717500
-1.000000 1.900000 91.735000
-1.000000 2.000000 91.450000
-0.800000 1.000000 87.480000
-0.800000 1.100000 85.015000
-0.800000 1.200000 84.477500
-0.800000 1.300000 87.715000
-0.800000 1.400000 89.965000
-0.800000 1.500000 89.830000
-0.800000 1.600000 89.840000
-0.800000 1.700000 89.917500
-0.800000 1.800000 89.540000
-0.800000 1.900000 89.682500
-0.800000 2.000000 89.797500
-0.600000 1.000000 87.992500
-0.600000 1.100000 85.477500
-0.600000 1.200000 85.242500
-0.600000 1.300000 86.235000
-0.600000 1.400000 90.520000
-0.600000 1.500000 90.715000
-0.600000 1.600000 91.042500
-0.600000 1.700000 91.322500
-0.600000 1.800000 91.305000
-0.600000 1.900000 91.120000
-0.600000 2.000000 91.167500
-0.400000 1.000000 88.115000
-0.400000 1.100000 86.040000
-0.400000 1.200000 85.557500
-0.400000 1.300000 86.022500
-0.400000 1.400000 90.852500
-0.400000 1.500000 91.490000
-0.400000 1.600000 91.602500
-0.400000 1.700000 92.117500
-0.400000 1.800000 92.247500
-0.400000 1.900000 92.282500
-0.400000 2.000000 92.050000
-0.200000 1.000000 88.792500
-0.200000 1.100000 86.447500
-0.200000 1.200000 86.117500
-0.200000 1.300000 86.757500
-0.200000 1.400000 90.730000
-0.200000 1.500000 91.757500
-0.200000 1.600000 92.185000
-0.200000 1.700000 92.337500
-0.200000 1.800000 92.557500
-0.200000 1.900000 92.657500
-0.200000 2.000000 92.535000
0.000000 1.000000 88.855000
0.000000 1.100000 86.622500
0.000000 1.200000 86.417500
0.000000 1.300000 87.157500
0.000000 1.400000 91.610000
0.000000 1.500000 92.022500
0.000000 1.600000 92.280000
0.000000 1.700000 92.135000
0.000000 1.800000 92.425000
0.000000 1.900000 92.512500
0.000000 2.000000 92.350000
