-2.000000 1.000000 96.337500
-2.000000 1.100000 96.057500
-2.000000 1.200000 96.007500
-2.000000 1.300000 95.940000
-2.000000 1.400000 95.892500
-2.000000 1.500000 95.895000
-2.000000 1.600000 95.885000
-2.000000 1.700000 95.892500
-2.000000 1.800000 95.890000
-2.000000 1.900000 95.887500
-2.000000 2.000000 95.890000
-1.800000 1.000000 96.335000
-1.800000 1.100000 96.042500
-1.800000 1.200000 95.992500
-1.800000 1.300000 95.950000
-1.800000 1.400000 95.890000
-1.800000 1.500000 95.897500
-1.800000 1.600000 95.890000
-1.800000 1.700000 95.895000
-1.800000 1.800000 95.895000
-1.800000 1.900000 95.892500
-1.800000 2.000000 95.892500
-1.600000 1.000000 96.310000
-1.600000 1.100000 96.025000
-1.600000 1.200000 95.960000
-1.600000 1.300000 95.912500
-1.600000 1.400000 95.867500
-1.600000 1.500000 95.875000
-1.600000 1.600000 95.875000
-1.600000 1.700000 95.872500
-1.600000 1.800000 95.867500
-1.600000 1.900000 95.867500
-1.600000 2.000000 95.867500
-1.400000 1.000000 96.135000
-1.400000 1.100000 95.945000
-1.400000 1.200000 95.890000
-1.400000 1.300000 95.860000
-1.400000 1.400000 95.855000
-1.400000 1.500000 95.825000
-1.400000 1.600000 95.812500
-1.400000 1.700000 95.805000
-1.400000 1.800000 95.807500
-1.400000 1.900000 95.802500
-1.400000 2.000000 95.805000
-1.200000 1.000000 93.127500
-1.200000 1.100000 96.117500
-1.200000 1.200000 96.017500
-1.200000 1.300000 95.977500
-1.200000 1.400000 95.925000
-1.200000 1.500000 95.935000
-1.200000 1.600000 95.917500
-1.200000 1.700000 95.920000
-1.200000 1.800000 95.922500
-1.200000 1.900000 95.920000
-1.200000 2.000000 95.925000
-1.000000 1.000000 93.260000
-1.000000 1.100000 90.317500
-1.000000 1.200000 96.030000
-1.000000 1.300000 95.802500
-1.000000 1.400000 95.657500
-1.000000 1.500000 95.465000
-1.000000 1.600000 95.245000
-1.000000 1.700000 95.192500
-1.000000 1.800000 95.130000
-1.000000 1.900000 95.072500
-1.000000 2.000000 95.047500
-0.800000 1.000000 93.130000
-0.800000 1.100000 90.265000
-0.800000 1.200000 88.310000
-0.800000 1.300000 95.087500
-0.800000 1.400000 95.057500
-0.800000 1.500000 94.860000
-0.800000 1.600000 94.685000
-0.800000 1.700000 94.520000
-0.800000 1.800000 94.407500
-0.800000 1.900000 94.330000
-0.800000 2.000000 94.265000
-0.600000 1.000000 93.117500
-0.600000 1.100000 90.267500
-0.600000 1.200000 88.555000
-0.600000 1.300000 94.825000
-0.600000 1.400000 94.770000
-0.600000 1.500000 94.747500
-0.600000 1.600000 94.497500
-0.600000 1.700000 94.335000
-0.600000 1.800000 94.265000
-0.600000 1.900000 94.190000
-0.600000 2.000000 94.045000
-0.400000 1.000000 93.422500
-0.400000 1.100000 90.540000
-0.400000 1.200000 88.687500
-0.400000 1.300000 94.545000
-0.400000 1.400000 94.975000
-0.400000 1.500000 94.977500
-0.400000 1.600000 94.825000
-0.400000 1.700000 94.665000
-0.400000 1.800000 94.490000
-0.400000 1.900000 94.352500
-0.400000 2.000000 94.207500
-0.200000 1.000000 93.437500
-0.200000 1.100000 90.695000
-0.200000 1.200000 88.890000
-0.200000 1.300000 95.062500
-0.200000 1.400000 95.290000
-0.200000 1.500000 95.240000
-0.200000 1.600000 94.965000
-0.200000 1.700000 94.905000
-0.200000 1.800000 94.645000
-0.200000 1.900000 94.522500
-0.200000 2.000000 94.410000
0.000000 1.000000 93.927500
0.000000 1.100000 90.800000
0.000000 1.200000 88.855000
0.000000 1.300000 95.560000
0.000000 1.400000 95.482500
0.000000 1.500000 95.437500
0.000000 1.600000 95.150000
0.000000 1.700000 95.010000
0.000000 1.800000 94.917500
0.000000 1.900000 94.842500
0.000000 2.000000 94.787500
