-2.000000 1.000000 71.309270
-2.000000 1.150000 67.449230
-2.000000 1.300000 66.365700
-2.000000 1.450000 64.785560
-2.000000 1.600000 63.837480
-2.000000 1.750000 63.476310
-2.000000 1.900000 64.785560
-2.000000 2.050000 67.810380
-2.000000 2.200000 69.548540
-2.000000 2.350000 67.720100
-2.000000 2.500000 68.284430
-1.800000 1.000000 71.647860
-1.800000 1.150000 67.381500
-1.800000 1.300000 66.320550
-1.800000 1.450000 65.711070
-1.800000 1.600000 65.124170
-1.800000 1.750000 65.981950
-1.800000 1.900000 67.471800
-1.800000 2.050000 64.695270
-1.800000 2.200000 65.440210
-1.800000 2.350000 64.266380
-1.800000 2.500000 66.681720
-1.600000 1.000000 71.851020
-1.600000 1.150000 66.772020
-1.600000 1.300000 66.410840
-1.600000 1.450000 66.433430
-1.600000 1.600000 66.162540
-1.600000 1.750000 63.611740
-1.600000 1.900000 65.033860
-1.600000 2.050000 66.884880
-1.600000 2.200000 67.246060
-1.600000 2.350000 64.514670
-1.600000 2.500000 66.230260
-1.400000 1.000000 71.354400
-1.400000 1.150000 67.584650
-1.400000 1.300000 66.252840
-1.400000 1.450000 65.688490
-1.400000 1.600000 64.762980
-1.400000 1.750000 66.410860
-1.400000 1.900000 63.905210
-1.400000 2.050000 70.158020
-1.400000 2.200000 69.097060
-1.400000 2.350000 69.142230
-1.400000 2.500000 64.762980
-1.200000 1.000000 72.279910
-1.200000 1.150000 67.765240
-1.200000 1.300000 67.133200
-1.200000 1.450000 66.298000
-1.200000 1.600000 64.469540
-1.200000 1.750000 63.972900
-1.200000 1.900000 63.837470
-1.200000 2.050000 62.799100
-1.200000 2.200000 66.839730
-1.200000 2.350000 67.923250
-1.200000 2.500000 66.997740
-1.000000 1.000000 72.234760
-1.000000 1.150000 68.826190
-1.000000 1.300000 66.726880
-1.000000 1.450000 66.681730
-1.000000 1.600000 64.966170
-1.000000 1.750000 64.492110
-1.000000 1.900000 64.424390
-1.000000 2.050000 64.153520
-1.000000 2.200000 63.882640
-1.000000 2.350000 63.137710
-1.000000 2.500000 64.040620
-0.800000 1.000000 71.738150
-0.800000 1.150000 68.374720
-0.800000 1.300000 67.313790
-0.800000 1.450000 65.665930
-0.800000 1.600000 65.304750
-0.800000 1.750000 64.943570
-0.800000 1.900000 63.927770
-0.800000 2.050000 63.679470
-0.800000 2.200000 64.266390
-0.800000 2.350000 63.724610
-0.800000 2.500000 62.528230
-0.600000 1.000000 71.986460
-0.600000 1.150000 68.465010
-0.600000 1.300000 66.726850
-0.600000 1.450000 66.523710
-0.600000 1.600000 65.846520
-0.600000 1.750000 64.243780
-0.600000 1.900000 64.830700
-0.600000 2.050000 63.814910
-0.600000 2.200000 63.047400
-0.600000 2.350000 63.160280
-0.600000 2.500000 62.076750
-0.400000 1.000000 71.083530
-0.400000 1.150000 68.442440
-0.400000 1.300000 67.200900
-0.400000 1.450000 65.891670
-0.400000 1.600000 65.124170
-0.400000 1.750000 64.853270
-0.400000 1.900000 63.905200
-0.400000 2.050000 63.882620
-0.400000 2.200000 62.821670
-0.400000 2.350000 61.218970
-0.400000 2.500000 61.422100
-0.200000 1.000000 71.512430
-0.200000 1.150000 68.419880
-0.200000 1.300000 66.704300
-0.200000 1.450000 66.004520
-0.200000 1.600000 65.349900
-0.200000 1.750000 64.785560
-0.200000 1.900000 63.905200
-0.200000 2.050000 63.521460
-0.200000 2.200000 62.392790
-0.200000 2.350000 62.302490
-0.200000 2.500000 60.925500
0.000000 1.000000 71.264110
0.000000 1.150000 67.584670
0.000000 1.300000 66.659150
0.000000 1.450000 65.395040
0.000000 1.600000 64.921000
0.000000 1.750000 64.627550
0.000000 1.900000 63.521460
0.000000 2.050000 63.228010
0.000000 2.200000 62.437910
0.000000 2.350000 61.422130
0.000000 2.500000 60.293450
