-2.000000 1.000000 96.600000
-2.000000 1.150000 96.365000
-2.000000 1.300000 96.325000
-2.000000 1.450000 96.290000
-2.000000 1.600000 96.245000
-2.000000 1.750000 96.250000
-2.000000 1.900000 96.252500
-2.000000 2.050000 96.255000
-2.000000 2.200000 96.255000
-2.000000 2.350000 96.255000
-2.000000 2.500000 96.255000
-1.800000 1.000000 96.575000
-1.800000 1.150000 96.367500
-1.800000 1.300000 96.325000
-1.800000 1.450000 96.275000
-1.800000 1.600000 96.237500
-1.800000 1.750000 96.242500
-1.800000 1.900000 96.252500
-1.800000 2.050000 96.250000
-1.800000 2.200000 96.247500
-1.800000 2.350000 96.252500
-1.800000 2.500000 96.252500
-1.600000 1.000000 96.547500
-1.600000 1.150000 96.325000
-1.600000 1.300000 96.310000
-1.600000 1.450000 96.262500
-1.600000 1.600000 96.240000
-1.600000 1.750000 96.250000
-1.600000 1.900000 96.252500
-1.600000 2.050000 96.247500
-1.600000 2.200000 96.245000
-1.600000 2.350000 96.247500
-1.600000 2.500000 96.247500
-1.400000 1.000000 95.722500
-1.400000 1.150000 96.395000
-1.400000 1.300000 96.322500
-1.400000 1.450000 96.295000
-1.400000 1.600000 96.262500
-1.400000 1.750000 96.272500
-1.400000 1.900000 96.262500
-1.400000 2.050000 96.262500
-1.400000 2.200000 96.262500
-1.400000 2.350000 96.262500
-1.400000 2.500000 96.265000
-1.200000 1.000000 95.652500
-1.200000 1.150000 93.797500
-1.200000 1.300000 96.365000
-1.200000 1.450000 96.377500
-1.200000 1.600000 96.360000
-1.200000 1.750000 96.355000
-1.200000 1.900000 96.355000
-1.200000 2.050000 96.357500
-1.200000 2.200000 96.360000
-1.200000 2.350000 96.357500
-1.200000 2.500000 96.357500
-1.000000 1.000000 95.615000
-1.000000 1.150000 92.487500
-1.000000 1.300000 96.282500
-1.000000 1.450000 96.222500
-1.000000 1.600000 96.212500
-1.000000 1.750000 96.197500
-1.000000 1.900000 96.207500
-1.000000 2.050000 96.205000
-1.000000 2.200000 96.215000
-1.000000 2.350000 96.217500
-1.000000 2.500000 96.210000
-0.800000 1.000000 95.595000
-0.800000 1.150000 92.530000
-0.800000 1.300000 96.252500
-0.800000 1.450000 96.185000
-0.800000 1.600000 96.145000
-0.800000 1.750000 96.142500
-0.800000 1.900000 96.127500
-0.800000 2.050000 96.117500
-0.800000 2.200000 96.110000
-0.800000 2.350000 96.115000
-0.800000 2.500000 96.107500
-0.600000 1.000000 95.417500
-0.600000 1.150000 92.695000
-0.600000 1.300000 96.180000
-0.600000 1.450000 96.162500
-0.600000 1.600000 96.097500
-0.600000 1.750000 96.112500
-0.600000 1.900000 96.110000
-0.600000 2.050000 96.110000
-0.600000 2.200000 96.107500
-0.600000 2.350000 96.097500
-0.600000 2.500000 96.082500
-0.400000 1.000000 95.490000
-0.400000 1.150000 92.775000
-0.400000 1.300000 96.177500
-0.400000 1.450000 96.162500
-0.400000 1.600000 96.047500
-0.400000 1.750000 96.050000
-0.400000 1.900000 96.012500
-0.400000 2.050000 96.020000
-0.400000 2.200000 96.012500
-0.400000 2.350000 96.007500
-0.400000 2.500000 96.010000
-0.200000 1.000000 95.390000
-0.200000 1.150000 92.912500
-0.200000 1.300000 96.117500
-0.200000 1.450000 96.070000
-0.200000 1.600000 95.957500
-0.200000 1.750000 95.930000
-0.200000 1.900000 95.952500
-0.200000 2.050000 95.920000
-0.200000 2.200000 95.895000
-0.200000 2.350000 95.877500
-0.200000 2.500000 95.885000
0.000000 1.000000 95.590000
0.000000 1.150000 93.190000
0.000000 1.300000 95.977500
0.000000 1.450000 95.875000
0.000000 1.600000 95.702500
0.000000 1.750000 95.590000
0.000000 1.900000 95.632500
0.000000 2.050000 95.615000
0.000000 2.200000 95.607500
0.000000 2.350000 95.610000
0.000000 2.500000 95.617500
