-2.000000 1.000000 75.645170
-2.000000 1.150000 76.370970
-2.000000 1.300000 76.532260
-2.000000 1.450000 76.491930
-2.000000 1.600000 76.411280
-2.000000 1.750000 76.370970
-2.000000 1.900000 76.411300
-2.000000 2.050000 76.370970
-2.000000 2.200000 76.370970
-2.000000 2.350000 76.370970
-2.000000 2.500000 76.411290
-1.800000 1.000000 76.008070
-1.800000 1.150000 76.572580
-1.800000 1.300000 76.330650
-1.800000 1.450000 76.451610
-1.800000 1.600000 76.330640
-1.800000 1.750000 76.370970
-1.800000 1.900000 76.370980
-1.800000 2.050000 76.330650
-1.800000 2.200000 76.330650
-1.800000 2.350000 76.330650
-1.800000 2.500000 76.370970
-1.600000 1.000000 75.645170
-1.600000 1.150000 76.491940
-1.600000 1.300000 76.370980
-1.600000 1.450000 76.491940
-1.600000 1.600000 76.491930
-1.600000 1.750000 76.491940
-1.600000 1.900000 76.532260
-1.600000 2.050000 76.491940
-1.600000 2.200000 76.491940
-1.600000 2.350000 76.451620
-1.600000 2.500000 76.451610
-1.400000 1.000000 72.620980
-1.400000 1.150000 76.572580
-1.400000 1.300000 76.451620
-1.400000 1.450000 76.451620
-1.400000 1.600000 76.491940
-1.400000 1.750000 76.451630
-1.400000 1.900000 76.491950
-1.400000 2.050000 76.532270
-1.400000 2.200000 76.532270
-1.400000 2.350000 76.491950
-1.400000 2.500000 76.491950
-1.200000 1.000000 69.516140
-1.200000 1.150000 76.733880
-1.200000 1.300000 76.572580
-1.200000 1.450000 76.532250
-1.200000 1.600000 76.532260
-1.200000 1.750000 76.532260
-1.200000 1.900000 76.411290
-1.200000 2.050000 76.411290
-1.200000 2.200000 76.370970
-1.200000 2.350000 76.250010
-1.200000 2.500000 76.209690
-1.000000 1.000000 60.201610
-1.000000 1.150000 55.403230
-1.000000 1.300000 52.540320
-1.000000 1.450000 52.258060
-1.000000 1.600000 48.508070
-1.000000 1.750000 46.330660
-1.000000 1.900000 52.943540
-1.000000 2.050000 48.749990
-1.000000 2.200000 48.185480
-1.000000 2.350000 50.040340
-1.000000 2.500000 49.032270
-0.800000 1.000000 67.943570
-0.800000 1.150000 62.016130
-0.800000 1.300000 61.088710
-0.800000 1.450000 60.604830
-0.800000 1.600000 61.653230
-0.800000 1.750000 63.064510
-0.800000 1.900000 62.540310
-0.800000 2.050000 61.895160
-0.800000 2.200000 62.540320
-0.800000 2.350000 64.798380
-0.800000 2.500000 67.419350
-0.600000 1.000000 67.943550
-0.600000 1.150000 61.129020
-0.600000 1.300000 61.774190
-0.600000 1.450000 62.217750
-0.600000 1.600000 63.104830
-0.600000 1.750000 63.750000
-0.600000 1.900000 63.024180
-0.600000 2.050000 62.459680
-0.600000 2.200000 62.177410
-0.600000 2.350000 63.064520
-0.600000 2.500000 63.911270
-0.400000 1.000000 67.258060
-0.400000 1.150000 61.733880
-0.400000 1.300000 61.209670
-0.400000 1.450000 61.532240
-0.400000 1.600000 62.298370
-0.400000 1.750000 63.387100
-0.400000 1.900000 61.774190
-0.400000 2.050000 60.846760
-0.400000 2.200000 60.524190
-0.400000 2.350000 62.459680
-0.400000 2.500000 63.467750
-0.200000 1.000000 66.895150
-0.200000 1.150000 61.088710
-0.200000 1.300000 60.846780
-0.200000 1.450000 61.370970
-0.200000 1.600000 63.064530
-0.200000 1.750000 63.185490
-0.200000 1.900000 63.467730
-0.200000 2.050000 63.225800
-0.200000 2.200000 63.427420
-0.200000 2.350000 65.564530
-0.200000 2.500000 64.395160
0.000000 1.000000 66.774190
0.000000 1.150000 62.096770
0.000000 1.300000 61.733870
0.000000 1.450000 61.975800
0.000000 1.600000 63.064520
0.000000 1.750000 63.991950
0.000000 1.900000 64.314530
0.000000 2.050000 65.282270
0.000000 2.200000 67.137100
0.000000 2.350000 67.782260
0.000000 2.500000 67.983870
