-2.000000 1.000000 84.885870
-2.000000 1.150000 70.959420
-2.000000 1.300000 71.555360
-2.000000 1.450000 68.791210
-2.000000 1.600000 64.666110
-2.000000 1.750000 68.605240
-2.000000 1.900000 85.600160
-2.000000 2.050000 91.952650
-2.000000 2.200000 94.099750
-2.000000 2.350000 79.205400
-2.000000 2.500000 83.102290
-1.800000 1.000000 84.885860
-1.800000 1.150000 70.798820
-1.800000 1.300000 68.770090
-1.800000 1.450000 66.458170
-1.800000 1.600000 64.784450
-1.800000 1.750000 68.216410
-1.800000 1.900000 85.033820
-1.800000 2.050000 91.293320
-1.800000 2.200000 93.998310
-1.800000 2.350000 74.437860
-1.800000 2.500000 81.098900
-1.600000 1.000000 84.919680
-1.600000 1.150000 70.963640
-1.600000 1.300000 68.296710
-1.600000 1.450000 69.860520
-1.600000 1.600000 64.780220
-1.600000 1.750000 67.658500
-1.600000 1.900000 80.688930
-1.600000 2.050000 91.107350
-1.600000 2.200000 97.366870
-1.600000 2.350000 73.191040
-1.600000 2.500000 78.630610
-1.400000 1.000000 84.754850
-1.400000 1.150000 70.841080
-1.400000 1.300000 68.364320
-1.400000 1.450000 75.904490
-1.400000 1.600000 64.602710
-1.400000 1.750000 71.191900
-1.400000 1.900000 78.765850
-1.400000 2.050000 89.446330
-1.400000 2.200000 94.606940
-1.400000 2.350000 83.047330
-1.400000 2.500000 83.292460
-1.200000 1.000000 84.750630
-1.200000 1.150000 70.879140
-1.200000 1.300000 67.802200
-1.200000 1.450000 82.878280
-1.200000 1.600000 64.649190
-1.200000 1.750000 65.384610
-1.200000 1.900000 73.863070
-1.200000 2.050000 88.207940
-1.200000 2.200000 94.661860
-1.200000 2.350000 86.183440
-1.200000 2.500000 81.808960
-1.000000 1.000000 85.223990
-1.000000 1.150000 71.187660
-1.000000 1.300000 68.571430
-1.000000 1.450000 66.639900
-1.000000 1.600000 65.409970
-1.000000 1.750000 64.374480
-1.000000 1.900000 63.871500
-1.000000 2.050000 62.485210
-1.000000 2.200000 62.193560
-1.000000 2.350000 60.617080
-1.000000 2.500000 62.823330
-0.800000 1.000000 85.071850
-0.800000 1.150000 72.163990
-0.800000 1.300000 69.708350
-0.800000 1.450000 74.801350
-0.800000 1.600000 76.437020
-0.800000 1.750000 76.745550
-0.800000 1.900000 74.247660
-0.800000 2.050000 80.448020
-0.800000 2.200000 81.487740
-0.800000 2.350000 73.098070
-0.800000 2.500000 74.103990
-0.600000 1.000000 85.076060
-0.600000 1.150000 72.197810
-0.600000 1.300000 68.960260
-0.600000 1.450000 67.206260
-0.600000 1.600000 65.942520
-0.600000 1.750000 65.092980
-0.600000 1.900000 64.763320
-0.600000 2.050000 64.357560
-0.600000 2.200000 64.399840
-0.600000 2.350000 64.289940
-0.600000 2.500000 64.852090
-0.400000 1.000000 85.160600
-0.400000 1.150000 72.675400
-0.400000 1.300000 69.027890
-0.400000 1.450000 67.354190
-0.400000 1.600000 66.327150
-0.400000 1.750000 65.359240
-0.400000 1.900000 64.830940
-0.400000 2.050000 64.488590
-0.400000 2.200000 64.573130
-0.400000 2.350000 64.353330
-0.400000 2.500000 64.425190
-0.200000 1.000000 84.923920
-0.200000 1.150000 72.493660
-0.200000 1.300000 69.146230
-0.200000 1.450000 67.295010
-0.200000 1.600000 66.200350
-0.200000 1.750000 65.321220
-0.200000 1.900000 64.974640
-0.200000 2.050000 64.666100
-0.200000 2.200000 64.809810
-0.200000 2.350000 64.699920
-0.200000 2.500000 64.513950
0.000000 1.000000 84.759080
0.000000 1.150000 72.557060
0.000000 1.300000 69.065940
0.000000 1.450000 67.392220
0.000000 1.600000 66.136930
0.000000 1.750000 65.460700
0.000000 1.900000 65.160610
0.000000 2.050000 64.856300
0.000000 2.200000 64.606930
0.000000 2.350000 64.399830
0.000000 2.500000 64.408270
