-2.000000 1.000000 83.956050
-2.000000 1.150000 65.245120
-2.000000 1.300000 63.068470
-2.000000 1.450000 63.072690
-2.000000 1.600000 62.937440
-2.000000 1.750000 62.586650
-2.000000 1.900000 62.806440
-2.000000 2.050000 62.366870
-2.000000 2.200000 61.513120
-2.000000 2.350000 60.769240
-2.000000 2.500000 61.238370
-1.800000 1.000000 84.023680
-1.800000 1.150000 65.198630
-1.800000 1.300000 63.216400
-1.800000 1.450000 62.988170
-1.800000 1.600000 62.920550
-1.800000 1.750000 63.064240
-1.800000 1.900000 61.842780
-1.800000 2.050000 61.475080
-1.800000 2.200000 61.724430
-1.800000 2.350000 61.069330
-1.800000 2.500000 60.929840
-1.600000 1.000000 84.070160
-1.600000 1.150000 64.907010
-1.600000 1.300000 63.161470
-1.600000 1.450000 63.178360
-1.600000 1.600000 63.123420
-1.600000 1.750000 62.975490
-1.600000 1.900000 63.017760
-1.600000 2.050000 62.485200
-1.600000 2.200000 62.396450
-1.600000 2.350000 61.703300
-1.600000 2.500000 61.677930
-1.400000 1.000000 83.998320
-1.400000 1.150000 65.312760
-1.400000 1.300000 62.836010
-1.400000 1.450000 63.005070
-1.400000 1.600000 62.962800
-1.400000 1.750000 62.776840
-1.400000 1.900000 63.254430
-1.400000 2.050000 62.396460
-1.400000 2.200000 62.240070
-1.400000 2.350000 61.276420
-1.400000 2.500000 61.322910
-1.200000 1.000000 83.930680
-1.200000 1.150000 65.300080
-1.200000 1.300000 62.945910
-1.200000 1.450000 62.945910
-1.200000 1.600000 62.506360
-1.200000 1.750000 63.000840
-1.200000 1.900000 62.975490
-1.200000 2.050000 62.413360
-1.200000 2.200000 61.551150
-1.200000 2.350000 61.897720
-1.200000 2.500000 61.901950
-1.000000 1.000000 83.596780
-1.000000 1.150000 66.018590
-1.000000 1.300000 64.218080
-1.000000 1.450000 63.943370
-1.000000 1.600000 63.761620
-1.000000 1.750000 63.558750
-1.000000 1.900000 63.609470
-1.000000 2.050000 63.698230
-1.000000 2.200000 63.647500
-1.000000 2.350000 63.795450
-1.000000 2.500000 63.740510
-0.800000 1.000000 82.768400
-0.800000 1.150000 65.076080
-0.800000 1.300000 63.021970
-0.800000 1.450000 62.759930
-0.800000 1.600000 62.557050
-0.800000 1.750000 62.785290
-0.800000 1.900000 62.540160
-0.800000 2.050000 62.464080
-0.800000 2.200000 62.404900
-0.800000 2.350000 62.493670
-0.800000 2.500000 62.210480
-0.600000 1.000000 82.890950
-0.600000 1.150000 64.695690
-0.600000 1.300000 62.967040
-0.600000 1.450000 62.375330
-0.600000 1.600000 62.409130
-0.600000 1.750000 63.009290
-0.600000 1.900000 62.793750
-0.600000 2.050000 62.316170
-0.600000 2.200000 62.421800
-0.600000 2.350000 62.502110
-0.600000 2.500000 62.265430
-0.400000 1.000000 82.869820
-0.400000 1.150000 64.306840
-0.400000 1.300000 62.683860
-0.400000 1.450000 62.180900
-0.400000 1.600000 62.409120
-0.400000 1.750000 62.096380
-0.400000 1.900000 62.371100
-0.400000 2.050000 62.248530
-0.400000 2.200000 62.180900
-0.400000 2.350000 61.956890
-0.400000 2.500000 62.032980
-0.200000 1.000000 82.679630
-0.200000 1.150000 64.598470
-0.200000 1.300000 62.772610
-0.200000 1.450000 62.434490
-0.200000 1.600000 62.337280
-0.200000 1.750000 62.299250
-0.200000 1.900000 61.961120
-0.200000 2.050000 61.918840
-0.200000 2.200000 62.045640
-0.200000 2.350000 61.699080
-0.200000 2.500000 61.665260
0.000000 1.000000 82.620460
0.000000 1.150000 64.391380
0.000000 1.300000 62.738810
0.000000 1.450000 62.295010
0.000000 1.600000 62.079460
0.000000 1.750000 61.999160
0.000000 1.900000 61.880810
0.000000 2.050000 61.906180
0.000000 2.200000 61.787840
0.000000 2.350000 61.737120
0.000000 2.500000 61.711750
