-4.0 1.00 36.120000 
-4.0 1.15 41.080000 
-4.0 1.30 51.180000 
-4.0 1.45 60.840000 
-4.0 1.60 91.540000 
-4.0 1.75 99.360000 
-4.0 1.90 99.360000 
-4.0 2.05 99.940000 
-4.0 2.20 99.940000 
-4.0 2.35 99.940000 
-4.0 2.50 99.940000 
-3.6 1.00 34.840000 
-3.6 1.15 41.100000 
-3.6 1.30 50.480000 
-3.6 1.45 60.880000 
-3.6 1.60 72.420000 
-3.6 1.75 99.360000 
-3.6 1.90 99.360000 
-3.6 2.05 99.940000 
-3.6 2.20 99.940000 
-3.6 2.35 99.940000 
-3.6 2.50 99.940000 
-3.2 1.00 35.000000 
-3.2 1.15 41.040000 
-3.2 1.30 49.560000 
-3.2 1.45 60.840000 
-3.2 1.60 91.540000 
-3.2 1.75 99.360000 
-3.2 1.90 99.360000 
-3.2 2.05 99.940000 
-3.2 2.20 99.940000 
-3.2 2.35 99.940000 
-3.2 2.50 99.940000 
-2.8 1.00 34.700000 
-2.8 1.15 40.300000 
-2.8 1.30 49.660000 
-2.8 1.45 60.800000 
-2.8 1.60 63.200000 
-2.8 1.75 91.580000 
-2.8 1.90 91.580000 
-2.8 2.05 97.920000 
-2.8 2.20 99.940000 
-2.8 2.35 99.940000 
-2.8 2.50 99.940000 
-2.4 1.00 33.680000 
-2.4 1.15 38.440000 
-2.4 1.30 49.740000 
-2.4 1.45 61.020000 
-2.4 1.60 63.400000 
-2.4 1.75 91.520000 
-2.4 1.90 91.580000 
-2.4 2.05 91.580000 
-2.4 2.20 91.560000 
-2.4 2.35 91.340000 
-2.4 2.50 91.360000 
-2.0 1.00 31.760000 
-2.0 1.15 39.020000 
-2.0 1.30 53.660000 
-2.0 1.45 61.140000 
-2.0 1.60 62.860000 
-2.0 1.75 91.440000 
-2.0 1.90 91.480000 
-2.0 2.05 91.480000 
-2.0 2.20 91.480000 
-2.0 2.35 91.480000 
-2.0 2.50 91.480000 
-1.6 1.00 10.080000 
-1.6 1.15 10.320000 
-1.6 1.30 52.360000 
-1.6 1.45 53.700000 
-1.6 1.60 62.320000 
-1.6 1.75 90.740000 
-1.6 1.90 90.740000 
-1.6 2.05 91.400000 
-1.6 2.20 91.420000 
-1.6 2.35 91.440000 
-1.6 2.50 91.440000 
-1.2 1.00 9.080000 
-1.2 1.15 8.020000 
-1.2 1.30 10.060000 
-1.2 1.45 51.420000 
-1.2 1.60 57.640000 
-1.2 1.75 63.960000 
-1.2 1.90 90.660000 
-1.2 2.05 90.660000 
-1.2 2.20 90.620000 
-1.2 2.35 91.140000 
-1.2 2.50 91.120000 
-0.8 1.00 7.320000 
-0.8 1.15 7.920000 
-0.8 1.30 9.780000 
-0.8 1.45 9.100000 
-0.8 1.60 10.440000 
-0.8 1.75 41.660000 
-0.8 1.90 42.340000 
-0.8 2.05 72.200000 
-0.8 2.20 65.580000 
-0.8 2.35 71.820000 
-0.8 2.50 65.560000 
-0.4 1.00 5.540000 
-0.4 1.15 6.980000 
-0.4 1.30 9.600000 
-0.4 1.45 13.320000 
-0.4 1.60 10.240000 
-0.4 1.75 38.600000 
-0.4 1.90 41.000000 
-0.4 2.05 41.620000 
-0.4 2.20 63.560000 
-0.4 2.35 73.940000 
-0.4 2.50 64.880000 
0.0 1.00 7.900000 
0.0 1.15 13.020000 
0.0 1.30 10.060000 
0.0 1.45 9.920000 
0.0 1.60 43.580000 
0.0 1.75 38.420000 
0.0 1.90 40.620000 
0.0 2.05 40.320000 
0.0 2.20 40.980000 
0.0 2.35 73.940000 
0.0 2.50 68.200000 
