-1.50 1.00 39.420290 
-1.50 1.05 100.000000 
-1.50 1.10 100.000000 
-1.50 1.15 100.000000 
-1.50 1.20 100.000000 
-1.50 1.25 100.000000 
-1.50 1.30 100.000000 
-1.50 1.35 100.000000 
-1.50 1.40 100.000000 
-1.50 1.45 100.000000 
-1.50 1.50 100.000000 
-1.35 1.00 39.420290 
-1.35 1.05 100.000000 
-1.35 1.10 100.000000 
-1.35 1.15 100.000000 
-1.35 1.20 100.000000 
-1.35 1.25 100.000000 
-1.35 1.30 100.000000 
-1.35 1.35 100.000000 
-1.35 1.40 100.000000 
-1.35 1.45 100.000000 
-1.35 1.50 100.000000 
-1.20 1.00 39.420290 
-1.20 1.05 100.000000 
-1.20 1.10 100.000000 
-1.20 1.15 100.000000 
-1.20 1.20 100.000000 
-1.20 1.25 100.000000 
-1.20 1.30 100.000000 
-1.20 1.35 100.000000 
-1.20 1.40 100.000000 
-1.20 1.45 100.000000 
-1.20 1.50 100.000000 
-1.05 1.00 39.420290 
-1.05 1.05 100.000000 
-1.05 1.10 100.000000 
-1.05 1.15 100.000000 
-1.05 1.20 100.000000 
-1.05 1.25 100.000000 
-1.05 1.30 100.000000 
-1.05 1.35 100.000000 
-1.05 1.40 100.000000 
-1.05 1.45 100.000000 
-1.05 1.50 100.000000 
-0.90 1.00 24.637681 
-0.90 1.05 37.101449 
-0.90 1.10 63.768116 
-0.90 1.15 78.840580 
-0.90 1.20 81.449275 
-0.90 1.25 82.028986 
-0.90 1.30 82.463768 
-0.90 1.35 82.463768 
-0.90 1.40 83.043478 
-0.90 1.45 83.478261 
-0.90 1.50 84.057971 
-0.75 1.00 16.086957 
-0.75 1.05 26.231884 
-0.75 1.10 51.884058 
-0.75 1.15 73.623188 
-0.75 1.20 79.565217 
-0.75 1.25 79.710145 
-0.75 1.30 80.144928 
-0.75 1.35 80.144928 
-0.75 1.40 80.434783 
-0.75 1.45 80.724638 
-0.75 1.50 81.159420 
-0.60 1.00 12.753623 
-0.60 1.05 27.971014 
-0.60 1.10 55.507246 
-0.60 1.15 75.507246 
-0.60 1.20 79.130435 
-0.60 1.25 79.565217 
-0.60 1.30 79.565217 
-0.60 1.35 79.855072 
-0.60 1.40 80.000000 
-0.60 1.45 80.289855 
-0.60 1.50 85.072464 
-0.45 1.00 12.318841 
-0.45 1.05 26.811594 
-0.45 1.10 60.289855 
-0.45 1.15 75.797101 
-0.45 1.20 78.840580 
-0.45 1.25 79.275362 
-0.45 1.30 79.565217 
-0.45 1.35 79.565217 
-0.45 1.40 80.000000 
-0.45 1.45 80.434783 
-0.45 1.50 82.608696 
-0.30 1.00 12.173913 
-0.30 1.05 26.666667 
-0.30 1.10 56.231884 
-0.30 1.15 74.492754 
-0.30 1.20 78.840580 
-0.30 1.25 78.840580 
-0.30 1.30 78.840580 
-0.30 1.35 79.275362 
-0.30 1.40 79.565217 
-0.30 1.45 84.347826 
-0.30 1.50 85.217391 
-0.15 1.00 11.594203 
-0.15 1.05 25.942029 
-0.15 1.10 60.869565 
-0.15 1.15 75.797101 
-0.15 1.20 78.840580 
-0.15 1.25 78.695652 
-0.15 1.30 79.130435 
-0.15 1.35 79.420290 
-0.15 1.40 85.217391 
-0.15 1.45 84.782609 
-0.15 1.50 84.782609 
0.00 1.00 11.449275 
0.00 1.05 30.000000 
0.00 1.10 65.507246 
0.00 1.15 77.826087 
0.00 1.20 84.782609 
0.00 1.25 79.130435 
0.00 1.30 84.782609 
0.00 1.35 84.347826 
0.00 1.40 85.072464 
0.00 1.45 84.927536 
0.00 1.50 85.072464 
