-4.0 1.0 0.655977 
-4.0 1.1 1.457726 
-4.0 1.2 1.457726 
-4.0 1.3 1.749271 
-4.0 1.4 1.749271 
-4.0 1.5 1.603499 
-4.0 1.6 1.457726 
-4.0 1.7 1.384840 
-4.0 1.8 100.000000 
-4.0 1.9 100.000000 
-4.0 2.0 100.000000 
-3.6 1.0 0.655977 
-3.6 1.1 1.457726 
-3.6 1.2 1.457726 
-3.6 1.3 1.603499 
-3.6 1.4 1.384840 
-3.6 1.5 1.384840 
-3.6 1.6 1.457726 
-3.6 1.7 1.967930 
-3.6 1.8 100.000000 
-3.6 1.9 100.000000 
-3.6 2.0 100.000000 
-3.2 1.0 0.655977 
-3.2 1.1 1.676385 
-3.2 1.2 1.603499 
-3.2 1.3 1.749271 
-3.2 1.4 1.457726 
-3.2 1.5 2.332362 
-3.2 1.6 2.113703 
-3.2 1.7 1.822157 
-3.2 1.8 100.000000 
-3.2 1.9 100.000000 
-3.2 2.0 2.186589 
-2.8 1.0 0.655977 
-2.8 1.1 1.457726 
-2.8 1.2 1.384840 
-2.8 1.3 1.895044 
-2.8 1.4 1.384840 
-2.8 1.5 1.457726 
-2.8 1.6 1.530612 
-2.8 1.7 1.384840 
-2.8 1.8 100.000000 
-2.8 1.9 100.000000 
-2.8 2.0 2.259475 
-2.4 1.0 0.655977 
-2.4 1.1 1.530612 
-2.4 1.2 1.384840 
-2.4 1.3 1.822157 
-2.4 1.4 1.384840 
-2.4 1.5 1.822157 
-2.4 1.6 1.967930 
-2.4 1.7 1.749271 
-2.4 1.8 100.000000 
-2.4 1.9 100.000000 
-2.4 2.0 100.000000 
-2.0 1.0 0.655977 
-2.0 1.1 1.749271 
-2.0 1.2 2.623907 
-2.0 1.3 1.384840 
-2.0 1.4 1.603499 
-2.0 1.5 1.239067 
-2.0 1.6 1.676385 
-2.0 1.7 2.259475 
-2.0 1.8 100.000000 
-2.0 1.9 100.000000 
-2.0 2.0 2.113703 
-1.6 1.0 0.655977 
-1.6 1.1 1.239067 
-1.6 1.2 1.603499 
-1.6 1.3 1.530612 
-1.6 1.4 1.093294 
-1.6 1.5 1.676385 
-1.6 1.6 1.749271 
-1.6 1.7 1.239067 
-1.6 1.8 100.000000 
-1.6 1.9 100.000000 
-1.6 2.0 2.623907 
-1.2 1.0 0.655977 
-1.2 1.1 1.603499 
-1.2 1.2 1.384840 
-1.2 1.3 1.457726 
-1.2 1.4 2.113703 
-1.2 1.5 1.822157 
-1.2 1.6 1.822157 
-1.2 1.7 1.603499 
-1.2 1.8 100.000000 
-1.2 1.9 100.000000 
-1.2 2.0 100.000000 
-0.8 1.0 0.655977 
-0.8 1.1 1.166181 
-0.8 1.2 1.749271 
-0.8 1.3 1.384840 
-0.8 1.4 1.239067 
-0.8 1.5 1.384840 
-0.8 1.6 1.749271 
-0.8 1.7 1.676385 
-0.8 1.8 100.000000 
-0.8 1.9 100.000000 
-0.8 2.0 99.635569 
-0.4 1.0 0.655977 
-0.4 1.1 1.311953 
-0.4 1.2 1.603499 
-0.4 1.3 1.676385 
-0.4 1.4 1.530612 
-0.4 1.5 1.895044 
-0.4 1.6 1.311953 
-0.4 1.7 99.708455 
-0.4 1.8 100.000000 
-0.4 1.9 100.000000 
-0.4 2.0 100.000000 
0.0 1.0 0.655977 
0.0 1.1 1.239067 
0.0 1.2 1.457726 
0.0 1.3 1.311953 
0.0 1.4 1.603499 
0.0 1.5 1.603499 
0.0 1.6 1.749271 
0.0 1.7 1.895044 
0.0 1.8 98.542274 
0.0 1.9 98.469388 
0.0 2.0 98.469388 
