-1.50 1.00 30.400000 
-1.50 1.05 34.800000 
-1.50 1.10 37.000000 
-1.50 1.15 56.400000 
-1.50 1.20 96.600000 
-1.50 1.25 97.600000 
-1.50 1.30 97.000000 
-1.50 1.35 98.600000 
-1.50 1.40 96.200000 
-1.50 1.45 97.800000 
-1.50 1.50 97.200000 
-1.35 1.00 30.400000 
-1.35 1.05 34.800000 
-1.35 1.10 37.000000 
-1.35 1.15 56.400000 
-1.35 1.20 96.600000 
-1.35 1.25 97.600000 
-1.35 1.30 97.000000 
-1.35 1.35 98.600000 
-1.35 1.40 96.200000 
-1.35 1.45 97.800000 
-1.35 1.50 97.200000 
-1.20 1.00 30.400000 
-1.20 1.05 34.800000 
-1.20 1.10 37.000000 
-1.20 1.15 56.400000 
-1.20 1.20 96.600000 
-1.20 1.25 97.600000 
-1.20 1.30 97.000000 
-1.20 1.35 98.600000 
-1.20 1.40 96.200000 
-1.20 1.45 97.800000 
-1.20 1.50 97.200000 
-1.05 1.00 30.400000 
-1.05 1.05 34.800000 
-1.05 1.10 37.000000 
-1.05 1.15 56.400000 
-1.05 1.20 96.600000 
-1.05 1.25 97.600000 
-1.05 1.30 97.000000 
-1.05 1.35 98.600000 
-1.05 1.40 96.200000 
-1.05 1.45 97.800000 
-1.05 1.50 97.200000 
-0.90 1.00 30.400000 
-0.90 1.05 34.800000 
-0.90 1.10 37.000000 
-0.90 1.15 56.400000 
-0.90 1.20 96.600000 
-0.90 1.25 97.600000 
-0.90 1.30 97.000000 
-0.90 1.35 98.600000 
-0.90 1.40 96.200000 
-0.90 1.45 97.800000 
-0.90 1.50 97.200000 
-0.75 1.00 30.400000 
-0.75 1.05 34.800000 
-0.75 1.10 37.000000 
-0.75 1.15 56.400000 
-0.75 1.20 96.600000 
-0.75 1.25 97.600000 
-0.75 1.30 97.000000 
-0.75 1.35 98.600000 
-0.75 1.40 96.200000 
-0.75 1.45 97.800000 
-0.75 1.50 97.200000 
-0.60 1.00 30.400000 
-0.60 1.05 34.800000 
-0.60 1.10 37.000000 
-0.60 1.15 56.400000 
-0.60 1.20 96.600000 
-0.60 1.25 97.600000 
-0.60 1.30 97.000000 
-0.60 1.35 98.600000 
-0.60 1.40 96.200000 
-0.60 1.45 97.800000 
-0.60 1.50 97.200000 
-0.45 1.00 30.400000 
-0.45 1.05 34.800000 
-0.45 1.10 37.000000 
-0.45 1.15 56.400000 
-0.45 1.20 96.600000 
-0.45 1.25 97.600000 
-0.45 1.30 97.000000 
-0.45 1.35 98.600000 
-0.45 1.40 96.200000 
-0.45 1.45 97.800000 
-0.45 1.50 97.200000 
-0.30 1.00 30.400000 
-0.30 1.05 34.800000 
-0.30 1.10 37.000000 
-0.30 1.15 56.400000 
-0.30 1.20 96.600000 
-0.30 1.25 97.600000 
-0.30 1.30 97.000000 
-0.30 1.35 98.600000 
-0.30 1.40 96.200000 
-0.30 1.45 97.800000 
-0.30 1.50 97.200000 
-0.15 1.00 30.400000 
-0.15 1.05 34.800000 
-0.15 1.10 37.000000 
-0.15 1.15 56.400000 
-0.15 1.20 96.600000 
-0.15 1.25 97.600000 
-0.15 1.30 97.000000 
-0.15 1.35 98.600000 
-0.15 1.40 96.200000 
-0.15 1.45 97.800000 
-0.15 1.50 97.200000 
0.00 1.00 30.400000 
0.00 1.05 34.800000 
0.00 1.10 37.000000 
0.00 1.15 56.400000 
0.00 1.20 96.600000 
0.00 1.25 97.600000 
0.00 1.30 97.000000 
0.00 1.35 98.600000 
0.00 1.40 96.200000 
0.00 1.45 97.800000 
0.00 1.50 97.200000 
