-4.0 1.0 20.800000 
-4.0 1.1 9.500000 
-4.0 1.2 19.700000 
-4.0 1.3 19.200000 
-4.0 1.4 21.800000 
-4.0 1.5 95.600000 
-4.0 1.6 99.200000 
-4.0 1.7 98.800000 
-4.0 1.8 99.300000 
-4.0 1.9 99.500000 
-4.0 2.0 99.600000 
-3.6 1.0 13.700000 
-3.6 1.1 20.400000 
-3.6 1.2 21.200000 
-3.6 1.3 19.700000 
-3.6 1.4 18.500000 
-3.6 1.5 95.600000 
-3.6 1.6 99.200000 
-3.6 1.7 98.800000 
-3.6 1.8 99.300000 
-3.6 1.9 99.500000 
-3.6 2.0 99.600000 
-3.2 1.0 49.500000 
-3.2 1.1 20.700000 
-3.2 1.2 17.400000 
-3.2 1.3 27.600000 
-3.2 1.4 19.400000 
-3.2 1.5 95.600000 
-3.2 1.6 17.400000 
-3.2 1.7 98.800000 
-3.2 1.8 99.300000 
-3.2 1.9 99.500000 
-3.2 2.0 99.600000 
-2.8 1.0 51.400000 
-2.8 1.1 18.500000 
-2.8 1.2 13.700000 
-2.8 1.3 15.400000 
-2.8 1.4 20.400000 
-2.8 1.5 16.500000 
-2.8 1.6 15.800000 
-2.8 1.7 17.200000 
-2.8 1.8 21.800000 
-2.8 1.9 99.200000 
-2.8 2.0 96.600000 
-2.4 1.0 10.400000 
-2.4 1.1 11.200000 
-2.4 1.2 16.600000 
-2.4 1.3 16.900000 
-2.4 1.4 18.100000 
-2.4 1.5 15.100000 
-2.4 1.6 20.900000 
-2.4 1.7 21.800000 
-2.4 1.8 13.600000 
-2.4 1.9 20.600000 
-2.4 2.0 18.400000 
-2.0 1.0 12.300000 
-2.0 1.1 58.000000 
-2.0 1.2 11.900000 
-2.0 1.3 16.500000 
-2.0 1.4 16.700000 
-2.0 1.5 17.500000 
-2.0 1.6 14.100000 
-2.0 1.7 18.800000 
-2.0 1.8 94.000000 
-2.0 1.9 98.900000 
-2.0 2.0 94.100000 
-1.6 1.0 8.100000 
-1.6 1.1 12.100000 
-1.6 1.2 10.300000 
-1.6 1.3 9.500000 
-1.6 1.4 16.600000 
-1.6 1.5 15.600000 
-1.6 1.6 10.800000 
-1.6 1.7 24.500000 
-1.6 1.8 15.200000 
-1.6 1.9 27.200000 
-1.6 2.0 99.000000 
-1.2 1.0 8.000000 
-1.2 1.1 14.900000 
-1.2 1.2 6.900000 
-1.2 1.3 11.500000 
-1.2 1.4 9.800000 
-1.2 1.5 11.000000 
-1.2 1.6 15.200000 
-1.2 1.7 17.300000 
-1.2 1.8 18.500000 
-1.2 1.9 34.700000 
-1.2 2.0 18.400000 
-0.8 1.0 9.600000 
-0.8 1.1 8.000000 
-0.8 1.2 10.000000 
-0.8 1.3 11.200000 
-0.8 1.4 9.500000 
-0.8 1.5 10.500000 
-0.8 1.6 10.000000 
-0.8 1.7 11.800000 
-0.8 1.8 12.400000 
-0.8 1.9 15.400000 
-0.8 2.0 17.500000 
-0.4 1.0 5.600000 
-0.4 1.1 8.200000 
-0.4 1.2 10.000000 
-0.4 1.3 7.700000 
-0.4 1.4 8.400000 
-0.4 1.5 8.500000 
-0.4 1.6 13.700000 
-0.4 1.7 12.900000 
-0.4 1.8 13.500000 
-0.4 1.9 16.800000 
-0.4 2.0 13.000000 
0.0 1.0 6.400000 
0.0 1.1 8.000000 
0.0 1.2 8.700000 
0.0 1.3 7.600000 
0.0 1.4 11.600000 
0.0 1.5 8.600000 
0.0 1.6 9.500000 
0.0 1.7 12.100000 
0.0 1.8 13.800000 
0.0 1.9 14.100000 
0.0 2.0 17.000000 
