-2.0 1.0 62.200000 
-2.0 1.1 71.600000 
-2.0 1.2 76.600000 
-2.0 1.3 85.000000 
-2.0 1.4 95.600000 
-2.0 1.5 98.600000 
-2.0 1.6 99.400000 
-2.0 1.7 99.600000 
-2.0 1.8 99.600000 
-2.0 1.9 100.000000 
-2.0 2.0 100.000000 
-1.8 1.0 62.200000 
-1.8 1.1 71.600000 
-1.8 1.2 76.600000 
-1.8 1.3 85.000000 
-1.8 1.4 94.800000 
-1.8 1.5 98.600000 
-1.8 1.6 99.400000 
-1.8 1.7 99.600000 
-1.8 1.8 99.600000 
-1.8 1.9 100.000000 
-1.8 2.0 100.000000 
-1.6 1.0 61.600000 
-1.6 1.1 67.800000 
-1.6 1.2 76.800000 
-1.6 1.3 84.600000 
-1.6 1.4 95.200000 
-1.6 1.5 98.400000 
-1.6 1.6 99.200000 
-1.6 1.7 99.400000 
-1.6 1.8 100.000000 
-1.6 1.9 100.000000 
-1.6 2.0 100.000000 
-1.4 1.0 61.200000 
-1.4 1.1 67.000000 
-1.4 1.2 75.400000 
-1.4 1.3 85.400000 
-1.4 1.4 95.400000 
-1.4 1.5 98.400000 
-1.4 1.6 99.200000 
-1.4 1.7 99.400000 
-1.4 1.8 99.600000 
-1.4 1.9 99.800000 
-1.4 2.0 99.800000 
-1.2 1.0 52.800000 
-1.2 1.1 65.400000 
-1.2 1.2 72.600000 
-1.2 1.3 84.000000 
-1.2 1.4 94.200000 
-1.2 1.5 98.000000 
-1.2 1.6 99.200000 
-1.2 1.7 99.600000 
-1.2 1.8 99.600000 
-1.2 1.9 99.600000 
-1.2 2.0 99.600000 
-1.0 1.0 40.400000 
-1.0 1.1 43.800000 
-1.0 1.2 54.000000 
-1.0 1.3 77.400000 
-1.0 1.4 90.600000 
-1.0 1.5 96.000000 
-1.0 1.6 97.800000 
-1.0 1.7 97.600000 
-1.0 1.8 97.600000 
-1.0 1.9 97.200000 
-1.0 2.0 97.200000 
-0.8 1.0 37.600000 
-0.8 1.1 42.600000 
-0.8 1.2 49.000000 
-0.8 1.3 54.000000 
-0.8 1.4 62.000000 
-0.8 1.5 90.800000 
-0.8 1.6 91.000000 
-0.8 1.7 91.400000 
-0.8 1.8 91.400000 
-0.8 1.9 91.600000 
-0.8 2.0 91.600000 
-0.6 1.0 36.800000 
-0.6 1.1 34.000000 
-0.6 1.2 41.200000 
-0.6 1.3 49.200000 
-0.6 1.4 65.200000 
-0.6 1.5 83.400000 
-0.6 1.6 88.200000 
-0.6 1.7 88.400000 
-0.6 1.8 87.000000 
-0.6 1.9 88.400000 
-0.6 2.0 87.400000 
-0.4 1.0 29.200000 
-0.4 1.1 34.600000 
-0.4 1.2 41.600000 
-0.4 1.3 46.000000 
-0.4 1.4 56.600000 
-0.4 1.5 74.000000 
-0.4 1.6 74.800000 
-0.4 1.7 76.400000 
-0.4 1.8 81.000000 
-0.4 1.9 82.000000 
-0.4 2.0 79.600000 
-0.2 1.0 27.400000 
-0.2 1.1 29.000000 
-0.2 1.2 33.200000 
-0.2 1.3 39.800000 
-0.2 1.4 52.800000 
-0.2 1.5 69.600000 
-0.2 1.6 69.400000 
-0.2 1.7 71.600000 
-0.2 1.8 71.600000 
-0.2 1.9 74.400000 
-0.2 2.0 75.200000 
0.0 1.0 22.000000 
0.0 1.1 25.600000 
0.0 1.2 32.200000 
0.0 1.3 38.800000 
0.0 1.4 49.200000 
0.0 1.5 66.400000 
0.0 1.6 66.000000 
0.0 1.7 66.200000 
0.0 1.8 67.000000 
0.0 1.9 69.600000 
0.0 2.0 68.200000 
