-2.0 1.0 7.600000 
-2.0 1.1 41.000000 
-2.0 1.2 59.800000 
-2.0 1.3 77.400000 
-2.0 1.4 87.600000 
-2.0 1.5 90.400000 
-2.0 1.6 98.000000 
-2.0 1.7 100.000000 
-2.0 1.8 100.000000 
-2.0 1.9 100.000000 
-2.0 2.0 100.000000 
-1.8 1.0 7.600000 
-1.8 1.1 41.000000 
-1.8 1.2 59.800000 
-1.8 1.3 77.400000 
-1.8 1.4 87.600000 
-1.8 1.5 90.400000 
-1.8 1.6 98.000000 
-1.8 1.7 100.000000 
-1.8 1.8 100.000000 
-1.8 1.9 100.000000 
-1.8 2.0 100.000000 
-1.6 1.0 7.600000 
-1.6 1.1 41.000000 
-1.6 1.2 59.800000 
-1.6 1.3 77.400000 
-1.6 1.4 87.600000 
-1.6 1.5 90.400000 
-1.6 1.6 98.000000 
-1.6 1.7 100.000000 
-1.6 1.8 100.000000 
-1.6 1.9 100.000000 
-1.6 2.0 100.000000 
-1.4 1.0 7.600000 
-1.4 1.1 41.000000 
-1.4 1.2 59.800000 
-1.4 1.3 77.400000 
-1.4 1.4 87.600000 
-1.4 1.5 90.400000 
-1.4 1.6 98.000000 
-1.4 1.7 100.000000 
-1.4 1.8 100.000000 
-1.4 1.9 100.000000 
-1.4 2.0 100.000000 
-1.2 1.0 7.600000 
-1.2 1.1 41.000000 
-1.2 1.2 59.800000 
-1.2 1.3 77.400000 
-1.2 1.4 87.600000 
-1.2 1.5 90.400000 
-1.2 1.6 98.000000 
-1.2 1.7 100.000000 
-1.2 1.8 100.000000 
-1.2 1.9 100.000000 
-1.2 2.0 100.000000 
-1.0 1.0 7.600000 
-1.0 1.1 41.000000 
-1.0 1.2 59.800000 
-1.0 1.3 77.400000 
-1.0 1.4 87.600000 
-1.0 1.5 90.400000 
-1.0 1.6 98.000000 
-1.0 1.7 100.000000 
-1.0 1.8 100.000000 
-1.0 1.9 100.000000 
-1.0 2.0 100.000000 
-0.8 1.0 7.600000 
-0.8 1.1 41.000000 
-0.8 1.2 59.800000 
-0.8 1.3 77.400000 
-0.8 1.4 87.600000 
-0.8 1.5 90.400000 
-0.8 1.6 98.000000 
-0.8 1.7 100.000000 
-0.8 1.8 100.000000 
-0.8 1.9 100.000000 
-0.8 2.0 100.000000 
-0.6 1.0 7.600000 
-0.6 1.1 41.000000 
-0.6 1.2 59.800000 
-0.6 1.3 77.400000 
-0.6 1.4 87.600000 
-0.6 1.5 90.400000 
-0.6 1.6 98.000000 
-0.6 1.7 100.000000 
-0.6 1.8 100.000000 
-0.6 1.9 100.000000 
-0.6 2.0 100.000000 
-0.4 1.0 7.600000 
-0.4 1.1 41.000000 
-0.4 1.2 59.800000 
-0.4 1.3 77.400000 
-0.4 1.4 87.600000 
-0.4 1.5 90.400000 
-0.4 1.6 98.000000 
-0.4 1.7 100.000000 
-0.4 1.8 100.000000 
-0.4 1.9 100.000000 
-0.4 2.0 100.000000 
-0.2 1.0 7.600000 
-0.2 1.1 41.000000 
-0.2 1.2 59.800000 
-0.2 1.3 77.400000 
-0.2 1.4 87.600000 
-0.2 1.5 90.400000 
-0.2 1.6 98.000000 
-0.2 1.7 100.000000 
-0.2 1.8 100.000000 
-0.2 1.9 100.000000 
-0.2 2.0 100.000000 
0.0 1.0 7.600000 
0.0 1.1 41.000000 
0.0 1.2 59.800000 
0.0 1.3 77.400000 
0.0 1.4 87.600000 
0.0 1.5 90.400000 
0.0 1.6 98.000000 
0.0 1.7 100.000000 
0.0 1.8 100.000000 
0.0 1.9 100.000000 
0.0 2.0 100.000000 
