-4.0 1.0 10.285714 
-4.0 1.2 12.571429 
-4.0 1.4 11.000000 
-4.0 1.6 13.714286 
-4.0 1.8 11.000000 
-4.0 2.0 8.714286 
-4.0 2.2 11.000000 
-4.0 2.4 14.000000 
-4.0 2.6 13.714286 
-4.0 2.8 14.285714 
-4.0 3.0 16.428571 
-3.6 1.0 7.714286 
-3.6 1.2 11.142857 
-3.6 1.4 13.142857 
-3.6 1.6 10.571429 
-3.6 1.8 12.714286 
-3.6 2.0 13.285714 
-3.6 2.2 10.714286 
-3.6 2.4 9.285714 
-3.6 2.6 14.000000 
-3.6 2.8 14.857143 
-3.6 3.0 18.428571 
-3.2 1.0 9.142857 
-3.2 1.2 10.428571 
-3.2 1.4 11.571429 
-3.2 1.6 8.285714 
-3.2 1.8 10.428571 
-3.2 2.0 11.428571 
-3.2 2.2 9.714286 
-3.2 2.4 11.714286 
-3.2 2.6 13.857143 
-3.2 2.8 13.571429 
-3.2 3.0 19.428571 
-2.8 1.0 7.142857 
-2.8 1.2 9.142857 
-2.8 1.4 10.571429 
-2.8 1.6 10.714286 
-2.8 1.8 12.571429 
-2.8 2.0 9.714286 
-2.8 2.2 13.285714 
-2.8 2.4 13.571429 
-2.8 2.6 14.285714 
-2.8 2.8 18.000000 
-2.8 3.0 13.571429 
-2.4 1.0 9.714286 
-2.4 1.2 8.000000 
-2.4 1.4 11.285714 
-2.4 1.6 10.571429 
-2.4 1.8 9.571429 
-2.4 2.0 10.571429 
-2.4 2.2 13.142857 
-2.4 2.4 10.285714 
-2.4 2.6 15.285714 
-2.4 2.8 11.857143 
-2.4 3.0 16.714286 
-2.0 1.0 7.000000 
-2.0 1.2 8.571429 
-2.0 1.4 11.428571 
-2.0 1.6 11.857143 
-2.0 1.8 8.571429 
-2.0 2.0 11.142857 
-2.0 2.2 11.285714 
-2.0 2.4 9.000000 
-2.0 2.6 13.285714 
-2.0 2.8 13.571429 
-2.0 3.0 17.000000 
-1.6 1.0 9.285714 
-1.6 1.2 8.000000 
-1.6 1.4 11.857143 
-1.6 1.6 11.571429 
-1.6 1.8 11.142857 
-1.6 2.0 9.857143 
-1.6 2.2 12.428571 
-1.6 2.4 12.428571 
-1.6 2.6 18.857143 
-1.6 2.8 20.142857 
-1.6 3.0 18.714286 
-1.2 1.0 7.000000 
-1.2 1.2 8.000000 
-1.2 1.4 9.142857 
-1.2 1.6 14.000000 
-1.2 1.8 10.142857 
-1.2 2.0 9.714286 
-1.2 2.2 13.285714 
-1.2 2.4 11.000000 
-1.2 2.6 16.142857 
-1.2 2.8 28.571429 
-1.2 3.0 18.714286 
-0.8 1.0 6.714286 
-0.8 1.2 7.428571 
-0.8 1.4 8.142857 
-0.8 1.6 9.142857 
-0.8 1.8 11.142857 
-0.8 2.0 14.285714 
-0.8 2.2 14.571429 
-0.8 2.4 15.428571 
-0.8 2.6 12.857143 
-0.8 2.8 27.142857 
-0.8 3.0 22.000000 
-0.4 1.0 7.714286 
-0.4 1.2 7.142857 
-0.4 1.4 10.428571 
-0.4 1.6 11.142857 
-0.4 1.8 8.857143 
-0.4 2.0 15.571429 
-0.4 2.2 18.714286 
-0.4 2.4 21.714286 
-0.4 2.6 27.857143 
-0.4 2.8 28.857143 
-0.4 3.0 16.857143 
0.0 1.0 7.142857 
0.0 1.2 7.571429 
0.0 1.4 10.142857 
0.0 1.6 9.285714 
0.0 1.8 12.428571 
0.0 2.0 10.428571 
0.0 2.2 15.428571 
0.0 2.4 10.571429 
0.0 2.6 17.571429 
0.0 2.8 27.714286 
0.0 3.0 21.142857 
