-2.0 1.0 48.100000 
-2.0 1.1 56.900000 
-2.0 1.2 65.000000 
-2.0 1.3 79.200000 
-2.0 1.4 88.600000 
-2.0 1.5 94.700000 
-2.0 1.6 98.500000 
-2.0 1.7 99.300000 
-2.0 1.8 99.600000 
-2.0 1.9 100.000000 
-2.0 2.0 100.000000 
-1.8 1.0 48.100000 
-1.8 1.1 56.900000 
-1.8 1.2 65.000000 
-1.8 1.3 79.200000 
-1.8 1.4 88.600000 
-1.8 1.5 94.700000 
-1.8 1.6 98.500000 
-1.8 1.7 99.300000 
-1.8 1.8 99.600000 
-1.8 1.9 100.000000 
-1.8 2.0 100.000000 
-1.6 1.0 48.100000 
-1.6 1.1 56.900000 
-1.6 1.2 65.000000 
-1.6 1.3 79.200000 
-1.6 1.4 88.600000 
-1.6 1.5 94.700000 
-1.6 1.6 98.500000 
-1.6 1.7 99.300000 
-1.6 1.8 99.600000 
-1.6 1.9 100.000000 
-1.6 2.0 100.000000 
-1.4 1.0 48.100000 
-1.4 1.1 56.900000 
-1.4 1.2 65.000000 
-1.4 1.3 79.200000 
-1.4 1.4 88.600000 
-1.4 1.5 94.700000 
-1.4 1.6 98.500000 
-1.4 1.7 99.300000 
-1.4 1.8 99.600000 
-1.4 1.9 100.000000 
-1.4 2.0 100.000000 
-1.2 1.0 48.100000 
-1.2 1.1 56.900000 
-1.2 1.2 65.000000 
-1.2 1.3 79.200000 
-1.2 1.4 88.600000 
-1.2 1.5 94.700000 
-1.2 1.6 98.500000 
-1.2 1.7 99.300000 
-1.2 1.8 99.600000 
-1.2 1.9 100.000000 
-1.2 2.0 100.000000 
-1.0 1.0 48.100000 
-1.0 1.1 56.900000 
-1.0 1.2 65.000000 
-1.0 1.3 79.200000 
-1.0 1.4 88.600000 
-1.0 1.5 94.700000 
-1.0 1.6 98.500000 
-1.0 1.7 99.300000 
-1.0 1.8 99.600000 
-1.0 1.9 100.000000 
-1.0 2.0 100.000000 
-0.8 1.0 48.100000 
-0.8 1.1 56.900000 
-0.8 1.2 65.000000 
-0.8 1.3 79.200000 
-0.8 1.4 88.600000 
-0.8 1.5 94.700000 
-0.8 1.6 98.500000 
-0.8 1.7 99.300000 
-0.8 1.8 99.600000 
-0.8 1.9 100.000000 
-0.8 2.0 100.000000 
-0.6 1.0 48.100000 
-0.6 1.1 56.900000 
-0.6 1.2 65.000000 
-0.6 1.3 79.200000 
-0.6 1.4 88.600000 
-0.6 1.5 94.700000 
-0.6 1.6 98.500000 
-0.6 1.7 99.300000 
-0.6 1.8 99.600000 
-0.6 1.9 100.000000 
-0.6 2.0 100.000000 
-0.4 1.0 48.100000 
-0.4 1.1 56.900000 
-0.4 1.2 65.000000 
-0.4 1.3 79.200000 
-0.4 1.4 88.600000 
-0.4 1.5 94.700000 
-0.4 1.6 98.500000 
-0.4 1.7 99.300000 
-0.4 1.8 99.600000 
-0.4 1.9 100.000000 
-0.4 2.0 100.000000 
-0.2 1.0 48.100000 
-0.2 1.1 56.900000 
-0.2 1.2 65.000000 
-0.2 1.3 79.200000 
-0.2 1.4 88.600000 
-0.2 1.5 94.700000 
-0.2 1.6 98.500000 
-0.2 1.7 99.300000 
-0.2 1.8 99.600000 
-0.2 1.9 100.000000 
-0.2 2.0 100.000000 
0.0 1.0 48.100000 
0.0 1.1 56.900000 
0.0 1.2 65.000000 
0.0 1.3 79.200000 
0.0 1.4 88.600000 
0.0 1.5 94.700000 
0.0 1.6 98.500000 
0.0 1.7 99.300000 
0.0 1.8 99.600000 
0.0 1.9 100.000000 
0.0 2.0 100.000000 
