-6.0 1.0 4.575163 
-6.0 1.2 4.575163 
-6.0 1.4 6.209150 
-6.0 1.6 6.535948 
-6.0 1.8 100.000000 
-6.0 2.0 100.000000 
-6.0 2.2 100.000000 
-6.0 2.4 100.000000 
-6.0 2.6 100.000000 
-6.0 2.8 100.000000 
-6.0 3.0 100.000000 
-5.4 1.0 4.901961 
-5.4 1.2 5.555556 
-5.4 1.4 6.535948 
-5.4 1.6 5.882353 
-5.4 1.8 100.000000 
-5.4 2.0 100.000000 
-5.4 2.2 100.000000 
-5.4 2.4 100.000000 
-5.4 2.6 100.000000 
-5.4 2.8 100.000000 
-5.4 3.0 100.000000 
-4.8 1.0 5.555556 
-4.8 1.2 5.228758 
-4.8 1.4 5.555556 
-4.8 1.6 6.535948 
-4.8 1.8 100.000000 
-4.8 2.0 100.000000 
-4.8 2.2 100.000000 
-4.8 2.4 100.000000 
-4.8 2.6 100.000000 
-4.8 2.8 100.000000 
-4.8 3.0 100.000000 
-4.2 1.0 6.209150 
-4.2 1.2 4.575163 
-4.2 1.4 5.555556 
-4.2 1.6 5.228758 
-4.2 1.8 100.000000 
-4.2 2.0 100.000000 
-4.2 2.2 100.000000 
-4.2 2.4 100.000000 
-4.2 2.6 100.000000 
-4.2 2.8 100.000000 
-4.2 3.0 100.000000 
-3.6 1.0 4.901961 
-3.6 1.2 4.901961 
-3.6 1.4 5.228758 
-3.6 1.6 6.535948 
-3.6 1.8 5.882353 
-3.6 2.0 5.882353 
-3.6 2.2 6.209150 
-3.6 2.4 9.150327 
-3.6 2.6 8.823529 
-3.6 2.8 7.843137 
-3.6 3.0 10.784314 
-3.0 1.0 3.267974 
-3.0 1.2 5.882353 
-3.0 1.4 4.901961 
-3.0 1.6 4.248366 
-3.0 1.8 5.882353 
-3.0 2.0 4.901961 
-3.0 2.2 7.843137 
-3.0 2.4 6.535948 
-3.0 2.6 7.516340 
-3.0 2.8 14.052288 
-3.0 3.0 7.189542 
-2.4 1.0 3.594771 
-2.4 1.2 3.921569 
-2.4 1.4 5.228758 
-2.4 1.6 7.189542 
-2.4 1.8 4.901961 
-2.4 2.0 10.130719 
-2.4 2.2 4.248366 
-2.4 2.4 100.000000 
-2.4 2.6 100.000000 
-2.4 2.8 13.398693 
-2.4 3.0 7.189542 
-1.8 1.0 3.594771 
-1.8 1.2 5.228758 
-1.8 1.4 4.901961 
-1.8 1.6 5.228758 
-1.8 1.8 6.209150 
-1.8 2.0 4.575163 
-1.8 2.2 6.209150 
-1.8 2.4 6.209150 
-1.8 2.6 9.803922 
-1.8 2.8 10.784314 
-1.8 3.0 9.150327 
-1.2 1.0 3.267974 
-1.2 1.2 5.228758 
-1.2 1.4 2.614379 
-1.2 1.6 4.901961 
-1.2 1.8 7.189542 
-1.2 2.0 10.784314 
-1.2 2.2 5.882353 
-1.2 2.4 4.901961 
-1.2 2.6 12.745098 
-1.2 2.8 5.882353 
-1.2 3.0 14.379085 
-0.6 1.0 2.941176 
-0.6 1.2 3.267974 
-0.6 1.4 4.901961 
-0.6 1.6 4.575163 
-0.6 1.8 5.555556 
-0.6 2.0 5.555556 
-0.6 2.2 6.209150 
-0.6 2.4 8.169935 
-0.6 2.6 6.535948 
-0.6 2.8 6.209150 
-0.6 3.0 6.862745 
0.0 1.0 1.960784 
0.0 1.2 3.267974 
0.0 1.4 4.901961 
0.0 1.6 4.575163 
0.0 1.8 5.555556 
0.0 2.0 6.535948 
0.0 2.2 7.516340 
0.0 2.4 4.575163 
0.0 2.6 6.535948 
0.0 2.8 7.843137 
0.0 3.0 7.843137 
