-3.0 1.0 41.481481 
-3.0 1.1 43.333333 
-3.0 1.2 51.111111 
-3.0 1.3 64.444444 
-3.0 1.4 69.259259 
-3.0 1.5 82.962963 
-3.0 1.6 92.962963 
-3.0 1.7 98.518519 
-3.0 1.8 99.259259 
-3.0 1.9 100.000000 
-3.0 2.0 100.000000 
-2.7 1.0 41.481481 
-2.7 1.1 43.333333 
-2.7 1.2 51.111111 
-2.7 1.3 64.444444 
-2.7 1.4 69.259259 
-2.7 1.5 82.962963 
-2.7 1.6 92.962963 
-2.7 1.7 98.518519 
-2.7 1.8 99.259259 
-2.7 1.9 100.000000 
-2.7 2.0 100.000000 
-2.4 1.0 41.481481 
-2.4 1.1 43.333333 
-2.4 1.2 51.111111 
-2.4 1.3 64.444444 
-2.4 1.4 69.259259 
-2.4 1.5 82.962963 
-2.4 1.6 92.962963 
-2.4 1.7 98.518519 
-2.4 1.8 99.259259 
-2.4 1.9 100.000000 
-2.4 2.0 100.000000 
-2.1 1.0 41.481481 
-2.1 1.1 43.333333 
-2.1 1.2 51.111111 
-2.1 1.3 64.444444 
-2.1 1.4 69.259259 
-2.1 1.5 82.962963 
-2.1 1.6 92.962963 
-2.1 1.7 98.518519 
-2.1 1.8 99.259259 
-2.1 1.9 100.000000 
-2.1 2.0 100.000000 
-1.8 1.0 38.518519 
-1.8 1.1 44.814815 
-1.8 1.2 54.444444 
-1.8 1.3 63.703704 
-1.8 1.4 70.370370 
-1.8 1.5 87.037037 
-1.8 1.6 92.592593 
-1.8 1.7 95.555556 
-1.8 1.8 98.518519 
-1.8 1.9 100.000000 
-1.8 2.0 100.000000 
-1.5 1.0 32.592593 
-1.5 1.1 41.111111 
-1.5 1.2 44.444444 
-1.5 1.3 64.814815 
-1.5 1.4 80.370370 
-1.5 1.5 88.148148 
-1.5 1.6 92.962963 
-1.5 1.7 98.518519 
-1.5 1.8 99.259259 
-1.5 1.9 100.000000 
-1.5 2.0 100.000000 
-1.2 1.0 30.000000 
-1.2 1.1 32.962963 
-1.2 1.2 37.777778 
-1.2 1.3 43.703704 
-1.2 1.4 41.111111 
-1.2 1.5 77.037037 
-1.2 1.6 89.629630 
-1.2 1.7 91.481481 
-1.2 1.8 94.074074 
-1.2 1.9 94.444444 
-1.2 2.0 95.555556 
-0.9 1.0 24.074074 
-0.9 1.1 28.888889 
-0.9 1.2 34.814815 
-0.9 1.3 42.222222 
-0.9 1.4 45.925926 
-0.9 1.5 45.925926 
-0.9 1.6 78.148148 
-0.9 1.7 88.888889 
-0.9 1.8 91.481481 
-0.9 1.9 91.481481 
-0.9 2.0 91.851852 
-0.6 1.0 19.629630 
-0.6 1.1 22.592593 
-0.6 1.2 22.962963 
-0.6 1.3 29.259259 
-0.6 1.4 40.370370 
-0.6 1.5 41.851852 
-0.6 1.6 45.555556 
-0.6 1.7 45.925926 
-0.6 1.8 84.444444 
-0.6 1.9 47.777778 
-0.6 2.0 52.222222 
-0.3 1.0 16.666667 
-0.3 1.1 21.481481 
-0.3 1.2 22.962963 
-0.3 1.3 26.666667 
-0.3 1.4 33.703704 
-0.3 1.5 37.777778 
-0.3 1.6 45.555556 
-0.3 1.7 49.629630 
-0.3 1.8 46.666667 
-0.3 1.9 51.111111 
-0.3 2.0 78.518519 
0.0 1.0 15.185185 
0.0 1.1 17.777778 
0.0 1.2 24.074074 
0.0 1.3 25.185185 
0.0 1.4 36.296296 
0.0 1.5 40.740741 
0.0 1.6 76.296296 
0.0 1.7 55.185185 
0.0 1.8 72.962963 
0.0 1.9 74.814815 
0.0 2.0 74.074074 
