-1.50 1.0 11.733333 
-1.50 1.1 15.366667 
-1.50 1.2 19.633333 
-1.50 1.3 38.866667 
-1.50 1.4 78.733333 
-1.50 1.5 96.133333 
-1.50 1.6 97.366667 
-1.50 1.7 98.400000 
-1.50 1.8 99.133333 
-1.50 1.9 99.233333 
-1.50 2.0 99.400000 
-1.35 1.0 11.733333 
-1.35 1.1 15.366667 
-1.35 1.2 19.633333 
-1.35 1.3 38.866667 
-1.35 1.4 78.733333 
-1.35 1.5 96.133333 
-1.35 1.6 97.366667 
-1.35 1.7 98.400000 
-1.35 1.8 99.133333 
-1.35 1.9 99.233333 
-1.35 2.0 99.400000 
-1.20 1.0 11.733333 
-1.20 1.1 15.366667 
-1.20 1.2 19.633333 
-1.20 1.3 38.866667 
-1.20 1.4 78.733333 
-1.20 1.5 96.133333 
-1.20 1.6 97.366667 
-1.20 1.7 98.400000 
-1.20 1.8 99.133333 
-1.20 1.9 99.233333 
-1.20 2.0 99.400000 
-1.05 1.0 11.733333 
-1.05 1.1 15.366667 
-1.05 1.2 19.633333 
-1.05 1.3 38.866667 
-1.05 1.4 78.733333 
-1.05 1.5 96.133333 
-1.05 1.6 97.366667 
-1.05 1.7 98.400000 
-1.05 1.8 99.133333 
-1.05 1.9 99.233333 
-1.05 2.0 99.400000 
-0.90 1.0 11.933333 
-0.90 1.1 15.366667 
-0.90 1.2 19.633333 
-0.90 1.3 38.866667 
-0.90 1.4 78.733333 
-0.90 1.5 96.133333 
-0.90 1.6 97.366667 
-0.90 1.7 98.400000 
-0.90 1.8 99.133333 
-0.90 1.9 99.233333 
-0.90 2.0 99.400000 
-0.75 1.0 12.600000 
-0.75 1.1 17.233333 
-0.75 1.2 10.366667 
-0.75 1.3 8.466667 
-0.75 1.4 78.700000 
-0.75 1.5 93.866667 
-0.75 1.6 97.466667 
-0.75 1.7 98.533333 
-0.75 1.8 98.833333 
-0.75 1.9 99.166667 
-0.75 2.0 99.233333 
-0.60 1.0 11.333333 
-0.60 1.1 8.666667 
-0.60 1.2 8.733333 
-0.60 1.3 31.933333 
-0.60 1.4 66.400000 
-0.60 1.5 85.000000 
-0.60 1.6 95.000000 
-0.60 1.7 97.800000 
-0.60 1.8 98.466667 
-0.60 1.9 98.733333 
-0.60 2.0 98.833333 
-0.45 1.0 11.166667 
-0.45 1.1 8.833333 
-0.45 1.2 9.933333 
-0.45 1.3 30.966667 
-0.45 1.4 60.266667 
-0.45 1.5 10.033333 
-0.45 1.6 8.800000 
-0.45 1.7 11.433333 
-0.45 1.8 10.300000 
-0.45 1.9 10.033333 
-0.45 2.0 97.900000 
-0.30 1.0 10.300000 
-0.30 1.1 8.733333 
-0.30 1.2 9.033333 
-0.30 1.3 9.066667 
-0.30 1.4 7.900000 
-0.30 1.5 8.966667 
-0.30 1.6 9.066667 
-0.30 1.7 7.400000 
-0.30 1.8 11.033333 
-0.30 1.9 11.066667 
-0.30 2.0 12.100000 
-0.15 1.0 6.666667 
-0.15 1.1 8.433333 
-0.15 1.2 9.466667 
-0.15 1.3 9.100000 
-0.15 1.4 8.466667 
-0.15 1.5 8.000000 
-0.15 1.6 9.400000 
-0.15 1.7 8.066667 
-0.15 1.8 10.766667 
-0.15 1.9 8.566667 
-0.15 2.0 12.133333 
0.00 1.0 6.966667 
0.00 1.1 8.966667 
0.00 1.2 8.766667 
0.00 1.3 8.966667 
0.00 1.4 8.233333 
0.00 1.5 9.066667 
0.00 1.6 10.766667 
0.00 1.7 8.800000 
0.00 1.8 10.866667 
0.00 1.9 10.666667 
0.00 2.0 12.766667 
