-2.0 1.00 60.891938 
-2.0 1.05 100.000000 
-2.0 1.10 100.000000 
-2.0 1.15 100.000000 
-2.0 1.20 100.000000 
-2.0 1.25 100.000000 
-2.0 1.30 100.000000 
-2.0 1.35 100.000000 
-2.0 1.40 100.000000 
-2.0 1.45 100.000000 
-2.0 1.50 100.000000 
-1.8 1.00 60.891938 
-1.8 1.05 100.000000 
-1.8 1.10 100.000000 
-1.8 1.15 100.000000 
-1.8 1.20 100.000000 
-1.8 1.25 100.000000 
-1.8 1.30 100.000000 
-1.8 1.35 100.000000 
-1.8 1.40 100.000000 
-1.8 1.45 100.000000 
-1.8 1.50 100.000000 
-1.6 1.00 60.891938 
-1.6 1.05 100.000000 
-1.6 1.10 100.000000 
-1.6 1.15 100.000000 
-1.6 1.20 100.000000 
-1.6 1.25 100.000000 
-1.6 1.30 100.000000 
-1.6 1.35 100.000000 
-1.6 1.40 100.000000 
-1.6 1.45 100.000000 
-1.6 1.50 100.000000 
-1.4 1.00 60.891938 
-1.4 1.05 100.000000 
-1.4 1.10 100.000000 
-1.4 1.15 100.000000 
-1.4 1.20 100.000000 
-1.4 1.25 100.000000 
-1.4 1.30 100.000000 
-1.4 1.35 100.000000 
-1.4 1.40 100.000000 
-1.4 1.45 100.000000 
-1.4 1.50 100.000000 
-1.2 1.00 60.720412 
-1.2 1.05 100.000000 
-1.2 1.10 100.000000 
-1.2 1.15 100.000000 
-1.2 1.20 100.000000 
-1.2 1.25 100.000000 
-1.2 1.30 100.000000 
-1.2 1.35 100.000000 
-1.2 1.40 100.000000 
-1.2 1.45 100.000000 
-1.2 1.50 100.000000 
-1.0 1.00 26.586621 
-1.0 1.05 30.188679 
-1.0 1.10 26.758148 
-1.0 1.15 19.725557 
-1.0 1.20 22.126930 
-1.0 1.25 22.641509 
-1.0 1.30 31.560892 
-1.0 1.35 32.246998 
-1.0 1.40 33.790738 
-1.0 1.45 34.991424 
-1.0 1.50 55.403087 
-0.8 1.00 24.356775 
-0.8 1.05 28.473413 
-0.8 1.10 28.987993 
-0.8 1.15 29.674099 
-0.8 1.20 29.159520 
-0.8 1.25 31.389365 
-0.8 1.30 30.703259 
-0.8 1.35 31.903945 
-0.8 1.40 32.590051 
-0.8 1.45 33.619211 
-0.8 1.50 35.334477 
-0.6 1.00 22.469983 
-0.6 1.05 12.692967 
-0.6 1.10 13.550600 
-0.6 1.15 15.437393 
-0.6 1.20 16.638079 
-0.6 1.25 31.560892 
-0.6 1.30 31.903945 
-0.6 1.35 31.389365 
-0.6 1.40 33.104631 
-0.6 1.45 34.648370 
-0.6 1.50 34.476844 
-0.4 1.00 18.181818 
-0.4 1.05 10.291595 
-0.4 1.10 11.320755 
-0.4 1.15 12.692967 
-0.4 1.20 14.236707 
-0.4 1.25 14.751286 
-0.4 1.30 17.495712 
-0.4 1.35 17.667238 
-0.4 1.40 27.101201 
-0.4 1.45 29.331046 
-0.4 1.50 28.473413 
-0.2 1.00 16.295026 
-0.2 1.05 19.725557 
-0.2 1.10 20.411664 
-0.2 1.15 10.806175 
-0.2 1.20 21.955403 
-0.2 1.25 21.955403 
-0.2 1.30 22.641509 
-0.2 1.35 25.900515 
-0.2 1.40 27.272727 
-0.2 1.45 28.644940 
-0.2 1.50 28.644940 
0.0 1.00 13.722127 
0.0 1.05 14.408233 
0.0 1.10 7.890223 
0.0 1.15 10.977702 
0.0 1.20 20.068611 
0.0 1.25 22.641509 
0.0 1.30 23.499142 
0.0 1.35 24.356775 
0.0 1.40 25.900515 
0.0 1.45 26.929674 
0.0 1.50 27.444254 
