-1.50 1.0 7.586207 
-1.50 1.1 7.586207 
-1.50 1.2 11.724138 
-1.50 1.3 8.275862 
-1.50 1.4 10.344828 
-1.50 1.5 11.034483 
-1.50 1.6 13.103448 
-1.50 1.7 22.068966 
-1.50 1.8 13.103448 
-1.50 1.9 97.931034 
-1.50 2.0 97.931034 
-1.35 1.0 6.896552 
-1.35 1.1 8.965517 
-1.35 1.2 9.655172 
-1.35 1.3 9.655172 
-1.35 1.4 7.586207 
-1.35 1.5 15.862069 
-1.35 1.6 15.172414 
-1.35 1.7 25.517241 
-1.35 1.8 11.034483 
-1.35 1.9 11.034483 
-1.35 2.0 17.241379 
-1.20 1.0 8.275862 
-1.20 1.1 8.275862 
-1.20 1.2 9.655172 
-1.20 1.3 11.724138 
-1.20 1.4 13.793103 
-1.20 1.5 11.724138 
-1.20 1.6 19.310345 
-1.20 1.7 20.000000 
-1.20 1.8 11.724138 
-1.20 1.9 13.103448 
-1.20 2.0 12.413793 
-1.05 1.0 8.965517 
-1.05 1.1 8.275862 
-1.05 1.2 8.275862 
-1.05 1.3 14.482759 
-1.05 1.4 8.965517 
-1.05 1.5 10.344828 
-1.05 1.6 13.793103 
-1.05 1.7 16.551724 
-1.05 1.8 11.034483 
-1.05 1.9 16.551724 
-1.05 2.0 19.310345 
-0.90 1.0 5.517241 
-0.90 1.1 8.965517 
-0.90 1.2 9.655172 
-0.90 1.3 10.344828 
-0.90 1.4 10.344828 
-0.90 1.5 12.413793 
-0.90 1.6 15.172414 
-0.90 1.7 13.103448 
-0.90 1.8 15.172414 
-0.90 1.9 13.793103 
-0.90 2.0 13.793103 
-0.75 1.0 5.517241 
-0.75 1.1 8.965517 
-0.75 1.2 8.965517 
-0.75 1.3 7.586207 
-0.75 1.4 22.068966 
-0.75 1.5 7.586207 
-0.75 1.6 20.689655 
-0.75 1.7 10.344828 
-0.75 1.8 25.517241 
-0.75 1.9 11.724138 
-0.75 2.0 11.724138 
-0.60 1.0 4.827586 
-0.60 1.1 5.517241 
-0.60 1.2 6.896552 
-0.60 1.3 6.896552 
-0.60 1.4 5.517241 
-0.60 1.5 15.172414 
-0.60 1.6 15.862069 
-0.60 1.7 12.413793 
-0.60 1.8 12.413793 
-0.60 1.9 11.034483 
-0.60 2.0 15.172414 
-0.45 1.0 5.517241 
-0.45 1.1 8.275862 
-0.45 1.2 4.827586 
-0.45 1.3 6.206897 
-0.45 1.4 11.724138 
-0.45 1.5 11.034483 
-0.45 1.6 9.655172 
-0.45 1.7 20.000000 
-0.45 1.8 10.344828 
-0.45 1.9 13.103448 
-0.45 2.0 15.862069 
-0.30 1.0 4.827586 
-0.30 1.1 6.206897 
-0.30 1.2 4.827586 
-0.30 1.3 7.586207 
-0.30 1.4 7.586207 
-0.30 1.5 5.517241 
-0.30 1.6 19.310345 
-0.30 1.7 6.206897 
-0.30 1.8 22.068966 
-0.30 1.9 13.103448 
-0.30 2.0 13.793103 
-0.15 1.0 5.517241 
-0.15 1.1 6.206897 
-0.15 1.2 4.827586 
-0.15 1.3 7.586207 
-0.15 1.4 6.896552 
-0.15 1.5 8.275862 
-0.15 1.6 9.655172 
-0.15 1.7 11.034483 
-0.15 1.8 8.275862 
-0.15 1.9 13.103448 
-0.15 2.0 13.793103 
0.00 1.0 4.137931 
0.00 1.1 4.827586 
0.00 1.2 6.896552 
0.00 1.3 12.413793 
0.00 1.4 7.586207 
0.00 1.5 8.275862 
0.00 1.6 8.965517 
0.00 1.7 13.103448 
0.00 1.8 11.724138 
0.00 1.9 15.862069 
0.00 2.0 16.551724 
