-2.0 1.0 82.608696 
-2.0 1.1 89.275362 
-2.0 1.2 93.043478 
-2.0 1.3 95.652174 
-2.0 1.4 96.521739 
-2.0 1.5 96.811594 
-2.0 1.6 97.681159 
-2.0 1.7 97.971014 
-2.0 1.8 98.840580 
-2.0 1.9 99.130435 
-2.0 2.0 99.130435 
-1.8 1.0 82.318841 
-1.8 1.1 88.695652 
-1.8 1.2 91.014493 
-1.8 1.3 95.652174 
-1.8 1.4 96.521739 
-1.8 1.5 96.811594 
-1.8 1.6 97.681159 
-1.8 1.7 97.971014 
-1.8 1.8 98.840580 
-1.8 1.9 99.130435 
-1.8 2.0 99.130435 
-1.6 1.0 81.449275 
-1.6 1.1 88.695652 
-1.6 1.2 91.304348 
-1.6 1.3 93.333333 
-1.6 1.4 97.101449 
-1.6 1.5 97.101449 
-1.6 1.6 97.391304 
-1.6 1.7 98.550725 
-1.6 1.8 98.840580 
-1.6 1.9 99.130435 
-1.6 2.0 99.420290 
-1.4 1.0 79.420290 
-1.4 1.1 83.188406 
-1.4 1.2 90.724638 
-1.4 1.3 93.043478 
-1.4 1.4 96.231884 
-1.4 1.5 96.231884 
-1.4 1.6 97.101449 
-1.4 1.7 97.971014 
-1.4 1.8 97.971014 
-1.4 1.9 98.260870 
-1.4 2.0 98.840580 
-1.2 1.0 76.521739 
-1.2 1.1 81.449275 
-1.2 1.2 90.144928 
-1.2 1.3 91.014493 
-1.2 1.4 92.173913 
-1.2 1.5 93.333333 
-1.2 1.6 97.101449 
-1.2 1.7 97.101449 
-1.2 1.8 97.681159 
-1.2 1.9 97.681159 
-1.2 2.0 97.681159 
-1.0 1.0 61.739130 
-1.0 1.1 69.855072 
-1.0 1.2 75.362319 
-1.0 1.3 86.376812 
-1.0 1.4 90.144928 
-1.0 1.5 90.434783 
-1.0 1.6 91.594203 
-1.0 1.7 91.014493 
-1.0 1.8 91.594203 
-1.0 1.9 91.014493 
-1.0 2.0 92.463768 
-0.8 1.0 49.275362 
-0.8 1.1 56.521739 
-0.8 1.2 59.710145 
-0.8 1.3 64.057971 
-0.8 1.4 72.753623 
-0.8 1.5 76.811594 
-0.8 1.6 75.942029 
-0.8 1.7 75.072464 
-0.8 1.8 79.130435 
-0.8 1.9 80.289855 
-0.8 2.0 78.840580 
-0.6 1.0 44.637681 
-0.6 1.1 47.536232 
-0.6 1.2 58.550725 
-0.6 1.3 65.217391 
-0.6 1.4 66.376812 
-0.6 1.5 67.246377 
-0.6 1.6 67.826087 
-0.6 1.7 72.753623 
-0.6 1.8 74.492754 
-0.6 1.9 73.043478 
-0.6 2.0 74.782609 
-0.4 1.0 38.550725 
-0.4 1.1 44.927536 
-0.4 1.2 52.463768 
-0.4 1.3 61.739130 
-0.4 1.4 62.028986 
-0.4 1.5 62.608696 
-0.4 1.6 63.188406 
-0.4 1.7 64.637681 
-0.4 1.8 66.666667 
-0.4 1.9 69.855072 
-0.4 2.0 66.666667 
-0.2 1.0 30.434783 
-0.2 1.1 39.130435 
-0.2 1.2 44.347826 
-0.2 1.3 52.753623 
-0.2 1.4 55.942029 
-0.2 1.5 56.811594 
-0.2 1.6 57.101449 
-0.2 1.7 57.101449 
-0.2 1.8 57.681159 
-0.2 1.9 58.840580 
-0.2 2.0 58.550725 
0.0 1.0 23.768116 
0.0 1.1 32.173913 
0.0 1.2 39.420290 
0.0 1.3 46.956522 
0.0 1.4 52.463768 
0.0 1.5 51.884058 
0.0 1.6 54.492754 
0.0 1.7 54.492754 
0.0 1.8 59.710145 
0.0 1.9 60.000000 
0.0 2.0 62.898551 
