-1.50 1.00 57.396450 
-1.50 1.05 62.130178 
-1.50 1.10 69.230769 
-1.50 1.15 78.698225 
-1.50 1.20 78.698225 
-1.50 1.25 79.289941 
-1.50 1.30 79.289941 
-1.50 1.35 79.289941 
-1.50 1.40 79.289941 
-1.50 1.45 79.289941 
-1.50 1.50 79.289941 
-1.35 1.00 57.396450 
-1.35 1.05 62.130178 
-1.35 1.10 69.230769 
-1.35 1.15 78.698225 
-1.35 1.20 78.698225 
-1.35 1.25 79.289941 
-1.35 1.30 79.289941 
-1.35 1.35 79.289941 
-1.35 1.40 79.289941 
-1.35 1.45 79.289941 
-1.35 1.50 79.289941 
-1.20 1.00 57.396450 
-1.20 1.05 62.130178 
-1.20 1.10 69.230769 
-1.20 1.15 78.698225 
-1.20 1.20 78.698225 
-1.20 1.25 79.289941 
-1.20 1.30 79.289941 
-1.20 1.35 79.289941 
-1.20 1.40 79.289941 
-1.20 1.45 79.289941 
-1.20 1.50 79.289941 
-1.05 1.00 57.396450 
-1.05 1.05 62.130178 
-1.05 1.10 69.230769 
-1.05 1.15 78.698225 
-1.05 1.20 78.698225 
-1.05 1.25 79.289941 
-1.05 1.30 79.289941 
-1.05 1.35 79.289941 
-1.05 1.40 79.289941 
-1.05 1.45 79.289941 
-1.05 1.50 79.289941 
-0.90 1.00 57.396450 
-0.90 1.05 62.130178 
-0.90 1.10 69.230769 
-0.90 1.15 78.698225 
-0.90 1.20 78.698225 
-0.90 1.25 79.289941 
-0.90 1.30 79.289941 
-0.90 1.35 79.289941 
-0.90 1.40 79.289941 
-0.90 1.45 79.289941 
-0.90 1.50 79.289941 
-0.75 1.00 57.396450 
-0.75 1.05 62.130178 
-0.75 1.10 69.230769 
-0.75 1.15 78.698225 
-0.75 1.20 78.698225 
-0.75 1.25 79.289941 
-0.75 1.30 79.289941 
-0.75 1.35 79.289941 
-0.75 1.40 79.289941 
-0.75 1.45 79.289941 
-0.75 1.50 79.289941 
-0.60 1.00 57.396450 
-0.60 1.05 62.130178 
-0.60 1.10 69.230769 
-0.60 1.15 78.698225 
-0.60 1.20 78.698225 
-0.60 1.25 79.289941 
-0.60 1.30 79.289941 
-0.60 1.35 79.289941 
-0.60 1.40 79.289941 
-0.60 1.45 79.289941 
-0.60 1.50 79.289941 
-0.45 1.00 57.396450 
-0.45 1.05 62.130178 
-0.45 1.10 69.230769 
-0.45 1.15 78.698225 
-0.45 1.20 78.698225 
-0.45 1.25 79.289941 
-0.45 1.30 79.289941 
-0.45 1.35 79.289941 
-0.45 1.40 79.289941 
-0.45 1.45 79.289941 
-0.45 1.50 79.289941 
-0.30 1.00 57.396450 
-0.30 1.05 62.130178 
-0.30 1.10 69.230769 
-0.30 1.15 78.698225 
-0.30 1.20 78.698225 
-0.30 1.25 79.289941 
-0.30 1.30 79.289941 
-0.30 1.35 79.289941 
-0.30 1.40 79.289941 
-0.30 1.45 79.289941 
-0.30 1.50 79.289941 
-0.15 1.00 57.396450 
-0.15 1.05 62.130178 
-0.15 1.10 69.230769 
-0.15 1.15 78.698225 
-0.15 1.20 78.698225 
-0.15 1.25 79.289941 
-0.15 1.30 79.289941 
-0.15 1.35 79.289941 
-0.15 1.40 79.289941 
-0.15 1.45 79.289941 
-0.15 1.50 79.289941 
0.00 1.00 57.396450 
0.00 1.05 62.130178 
0.00 1.10 69.230769 
0.00 1.15 78.698225 
0.00 1.20 78.698225 
0.00 1.25 79.289941 
0.00 1.30 79.289941 
0.00 1.35 79.289941 
0.00 1.40 79.289941 
0.00 1.45 79.289941 
0.00 1.50 79.289941 
