-1.50 1.00 30.327869 
-1.50 1.03 90.163934 
-1.50 1.06 90.163934 
-1.50 1.09 90.163934 
-1.50 1.12 90.163934 
-1.50 1.15 90.163934 
-1.50 1.18 90.163934 
-1.50 1.21 90.163934 
-1.50 1.24 90.163934 
-1.50 1.27 90.163934 
-1.50 1.30 90.163934 
-1.35 1.00 30.327869 
-1.35 1.03 90.163934 
-1.35 1.06 90.163934 
-1.35 1.09 90.163934 
-1.35 1.12 90.163934 
-1.35 1.15 90.163934 
-1.35 1.18 90.163934 
-1.35 1.21 90.163934 
-1.35 1.24 90.163934 
-1.35 1.27 90.163934 
-1.35 1.30 90.163934 
-1.20 1.00 30.327869 
-1.20 1.03 90.163934 
-1.20 1.06 90.163934 
-1.20 1.09 90.163934 
-1.20 1.12 90.163934 
-1.20 1.15 90.163934 
-1.20 1.18 90.163934 
-1.20 1.21 90.163934 
-1.20 1.24 90.163934 
-1.20 1.27 90.163934 
-1.20 1.30 90.163934 
-1.05 1.00 30.327869 
-1.05 1.03 90.163934 
-1.05 1.06 90.163934 
-1.05 1.09 90.163934 
-1.05 1.12 90.163934 
-1.05 1.15 90.163934 
-1.05 1.18 90.163934 
-1.05 1.21 90.163934 
-1.05 1.24 90.163934 
-1.05 1.27 90.163934 
-1.05 1.30 90.163934 
-0.90 1.00 40.983607 
-0.90 1.03 84.426230 
-0.90 1.06 84.426230 
-0.90 1.09 84.426230 
-0.90 1.12 84.426230 
-0.90 1.15 84.426230 
-0.90 1.18 84.426230 
-0.90 1.21 84.426230 
-0.90 1.24 84.426230 
-0.90 1.27 84.426230 
-0.90 1.30 84.426230 
-0.75 1.00 40.983607 
-0.75 1.03 84.426230 
-0.75 1.06 84.426230 
-0.75 1.09 84.426230 
-0.75 1.12 84.426230 
-0.75 1.15 84.426230 
-0.75 1.18 84.426230 
-0.75 1.21 84.426230 
-0.75 1.24 84.426230 
-0.75 1.27 84.426230 
-0.75 1.30 84.426230 
-0.60 1.00 40.983607 
-0.60 1.03 84.426230 
-0.60 1.06 84.426230 
-0.60 1.09 84.426230 
-0.60 1.12 84.426230 
-0.60 1.15 84.426230 
-0.60 1.18 84.426230 
-0.60 1.21 84.426230 
-0.60 1.24 84.426230 
-0.60 1.27 84.426230 
-0.60 1.30 84.426230 
-0.45 1.00 40.983607 
-0.45 1.03 84.426230 
-0.45 1.06 84.426230 
-0.45 1.09 84.426230 
-0.45 1.12 84.426230 
-0.45 1.15 84.426230 
-0.45 1.18 84.426230 
-0.45 1.21 84.426230 
-0.45 1.24 84.426230 
-0.45 1.27 84.426230 
-0.45 1.30 84.426230 
-0.30 1.00 40.983607 
-0.30 1.03 84.426230 
-0.30 1.06 84.426230 
-0.30 1.09 84.426230 
-0.30 1.12 84.426230 
-0.30 1.15 84.426230 
-0.30 1.18 84.426230 
-0.30 1.21 84.426230 
-0.30 1.24 84.426230 
-0.30 1.27 84.426230 
-0.30 1.30 84.426230 
-0.15 1.00 40.983607 
-0.15 1.03 84.426230 
-0.15 1.06 84.426230 
-0.15 1.09 84.426230 
-0.15 1.12 84.426230 
-0.15 1.15 84.426230 
-0.15 1.18 84.426230 
-0.15 1.21 84.426230 
-0.15 1.24 84.426230 
-0.15 1.27 84.426230 
-0.15 1.30 84.426230 
0.00 1.00 40.983607 
0.00 1.03 84.426230 
0.00 1.06 84.426230 
0.00 1.09 84.426230 
0.00 1.12 84.426230 
0.00 1.15 84.426230 
0.00 1.18 84.426230 
0.00 1.21 84.426230 
0.00 1.24 84.426230 
0.00 1.27 84.426230 
0.00 1.30 84.426230 
