-1.50 1.00 49.193548 
-1.50 1.05 93.548387 
-1.50 1.10 93.548387 
-1.50 1.15 93.548387 
-1.50 1.20 93.548387 
-1.50 1.25 93.548387 
-1.50 1.30 93.548387 
-1.50 1.35 93.548387 
-1.50 1.40 93.548387 
-1.50 1.45 93.548387 
-1.50 1.50 93.548387 
-1.35 1.00 49.193548 
-1.35 1.05 93.548387 
-1.35 1.10 93.548387 
-1.35 1.15 93.548387 
-1.35 1.20 93.548387 
-1.35 1.25 93.548387 
-1.35 1.30 93.548387 
-1.35 1.35 93.548387 
-1.35 1.40 93.548387 
-1.35 1.45 93.548387 
-1.35 1.50 93.548387 
-1.20 1.00 49.193548 
-1.20 1.05 93.548387 
-1.20 1.10 93.548387 
-1.20 1.15 93.548387 
-1.20 1.20 93.548387 
-1.20 1.25 93.548387 
-1.20 1.30 93.548387 
-1.20 1.35 93.548387 
-1.20 1.40 93.548387 
-1.20 1.45 93.548387 
-1.20 1.50 93.548387 
-1.05 1.00 49.193548 
-1.05 1.05 93.548387 
-1.05 1.10 93.548387 
-1.05 1.15 93.548387 
-1.05 1.20 93.548387 
-1.05 1.25 93.548387 
-1.05 1.30 93.548387 
-1.05 1.35 93.548387 
-1.05 1.40 93.548387 
-1.05 1.45 93.548387 
-1.05 1.50 93.548387 
-0.90 1.00 49.193548 
-0.90 1.05 93.548387 
-0.90 1.10 93.548387 
-0.90 1.15 93.548387 
-0.90 1.20 93.548387 
-0.90 1.25 93.548387 
-0.90 1.30 93.548387 
-0.90 1.35 93.548387 
-0.90 1.40 93.548387 
-0.90 1.45 93.548387 
-0.90 1.50 93.548387 
-0.75 1.00 49.193548 
-0.75 1.05 93.548387 
-0.75 1.10 93.548387 
-0.75 1.15 93.548387 
-0.75 1.20 93.548387 
-0.75 1.25 93.548387 
-0.75 1.30 93.548387 
-0.75 1.35 93.548387 
-0.75 1.40 93.548387 
-0.75 1.45 93.548387 
-0.75 1.50 93.548387 
-0.60 1.00 49.193548 
-0.60 1.05 93.548387 
-0.60 1.10 93.548387 
-0.60 1.15 93.548387 
-0.60 1.20 93.548387 
-0.60 1.25 93.548387 
-0.60 1.30 93.548387 
-0.60 1.35 93.548387 
-0.60 1.40 93.548387 
-0.60 1.45 93.548387 
-0.60 1.50 93.548387 
-0.45 1.00 49.193548 
-0.45 1.05 93.548387 
-0.45 1.10 93.548387 
-0.45 1.15 93.548387 
-0.45 1.20 93.548387 
-0.45 1.25 93.548387 
-0.45 1.30 93.548387 
-0.45 1.35 93.548387 
-0.45 1.40 93.548387 
-0.45 1.45 93.548387 
-0.45 1.50 93.548387 
-0.30 1.00 49.193548 
-0.30 1.05 93.548387 
-0.30 1.10 93.548387 
-0.30 1.15 93.548387 
-0.30 1.20 93.548387 
-0.30 1.25 93.548387 
-0.30 1.30 93.548387 
-0.30 1.35 93.548387 
-0.30 1.40 93.548387 
-0.30 1.45 93.548387 
-0.30 1.50 93.548387 
-0.15 1.00 49.193548 
-0.15 1.05 93.548387 
-0.15 1.10 93.548387 
-0.15 1.15 93.548387 
-0.15 1.20 93.548387 
-0.15 1.25 93.548387 
-0.15 1.30 93.548387 
-0.15 1.35 93.548387 
-0.15 1.40 93.548387 
-0.15 1.45 93.548387 
-0.15 1.50 93.548387 
0.00 1.00 49.193548 
0.00 1.05 93.548387 
0.00 1.10 93.548387 
0.00 1.15 93.548387 
0.00 1.20 93.548387 
0.00 1.25 93.548387 
0.00 1.30 93.548387 
0.00 1.35 93.548387 
0.00 1.40 93.548387 
0.00 1.45 93.548387 
0.00 1.50 93.548387 
