-100.00 1.00 100.000000 
-100.00 3.00 100.000000 
-100.00 5.00 100.000000 
-100.00 7.00 100.000000 
-100.00 9.00 100.000000 
-100.00 11.00 100.000000 
-100.00 13.00 100.000000 
-100.00 15.00 100.000000 
-100.00 17.00 100.000000 
-100.00 19.00 100.000000 
-100.00 21.00 100.000000 
-90.00 1.00 100.000000 
-90.00 3.00 100.000000 
-90.00 5.00 100.000000 
-90.00 7.00 100.000000 
-90.00 9.00 100.000000 
-90.00 11.00 100.000000 
-90.00 13.00 100.000000 
-90.00 15.00 100.000000 
-90.00 17.00 100.000000 
-90.00 19.00 100.000000 
-90.00 21.00 100.000000 
-80.00 1.00 100.000000 
-80.00 3.00 100.000000 
-80.00 5.00 100.000000 
-80.00 7.00 100.000000 
-80.00 9.00 100.000000 
-80.00 11.00 100.000000 
-80.00 13.00 100.000000 
-80.00 15.00 100.000000 
-80.00 17.00 100.000000 
-80.00 19.00 100.000000 
-80.00 21.00 100.000000 
-70.00 1.00 100.000000 
-70.00 3.00 100.000000 
-70.00 5.00 100.000000 
-70.00 7.00 100.000000 
-70.00 9.00 100.000000 
-70.00 11.00 100.000000 
-70.00 13.00 100.000000 
-70.00 15.00 100.000000 
-70.00 17.00 100.000000 
-70.00 19.00 100.000000 
-70.00 21.00 100.000000 
-60.00 1.00 100.000000 
-60.00 3.00 100.000000 
-60.00 5.00 100.000000 
-60.00 7.00 100.000000 
-60.00 9.00 100.000000 
-60.00 11.00 100.000000 
-60.00 13.00 100.000000 
-60.00 15.00 100.000000 
-60.00 17.00 100.000000 
-60.00 19.00 100.000000 
-60.00 21.00 100.000000 
-50.00 1.00 100.000000 
-50.00 3.00 100.000000 
-50.00 5.00 100.000000 
-50.00 7.00 100.000000 
-50.00 9.00 100.000000 
-50.00 11.00 100.000000 
-50.00 13.00 100.000000 
-50.00 15.00 100.000000 
-50.00 17.00 100.000000 
-50.00 19.00 100.000000 
-50.00 21.00 100.000000 
-40.00 1.00 100.000000 
-40.00 3.00 100.000000 
-40.00 5.00 100.000000 
-40.00 7.00 100.000000 
-40.00 9.00 100.000000 
-40.00 11.00 100.000000 
-40.00 13.00 100.000000 
-40.00 15.00 100.000000 
-40.00 17.00 100.000000 
-40.00 19.00 100.000000 
-40.00 21.00 100.000000 
-30.00 1.00 100.000000 
-30.00 3.00 100.000000 
-30.00 5.00 100.000000 
-30.00 7.00 100.000000 
-30.00 9.00 100.000000 
-30.00 11.00 100.000000 
-30.00 13.00 100.000000 
-30.00 15.00 100.000000 
-30.00 17.00 100.000000 
-30.00 19.00 100.000000 
-30.00 21.00 100.000000 
-20.00 1.00 100.000000 
-20.00 3.00 100.000000 
-20.00 5.00 100.000000 
-20.00 7.00 100.000000 
-20.00 9.00 100.000000 
-20.00 11.00 100.000000 
-20.00 13.00 100.000000 
-20.00 15.00 100.000000 
-20.00 17.00 100.000000 
-20.00 19.00 100.000000 
-20.00 21.00 100.000000 
-10.00 1.00 100.000000 
-10.00 3.00 100.000000 
-10.00 5.00 100.000000 
-10.00 7.00 100.000000 
-10.00 9.00 100.000000 
-10.00 11.00 100.000000 
-10.00 13.00 100.000000 
-10.00 15.00 100.000000 
-10.00 17.00 100.000000 
-10.00 19.00 100.000000 
-10.00 21.00 100.000000 
0.00 1.00 100.000000 
0.00 3.00 100.000000 
0.00 5.00 100.000000 
0.00 7.00 100.000000 
0.00 9.00 100.000000 
0.00 11.00 100.000000 
0.00 13.00 100.000000 
0.00 15.00 100.000000 
0.00 17.00 100.000000 
0.00 19.00 100.000000 
0.00 21.00 100.000000 
