-6.0 1.0 16.750000 
-6.0 1.1 21.250000 
-6.0 1.2 16.250000 
-6.0 1.3 39.100000 
-6.0 1.4 40.950000 
-6.0 1.5 80.150000 
-6.0 1.6 91.950000 
-6.0 1.7 95.550000 
-6.0 1.8 97.050000 
-6.0 1.9 98.500000 
-6.0 2.0 98.900000 
-5.4 1.0 17.350000 
-5.4 1.1 21.250000 
-5.4 1.2 20.200000 
-5.4 1.3 39.100000 
-5.4 1.4 20.100000 
-5.4 1.5 74.400000 
-5.4 1.6 91.950000 
-5.4 1.7 95.550000 
-5.4 1.8 97.050000 
-5.4 1.9 98.500000 
-5.4 2.0 98.900000 
-4.8 1.0 18.000000 
-4.8 1.1 21.350000 
-4.8 1.2 26.850000 
-4.8 1.3 32.850000 
-4.8 1.4 22.800000 
-4.8 1.5 78.150000 
-4.8 1.6 92.550000 
-4.8 1.7 12.050000 
-4.8 1.8 97.600000 
-4.8 1.9 98.500000 
-4.8 2.0 98.900000 
-4.2 1.0 17.450000 
-4.2 1.1 21.300000 
-4.2 1.2 25.000000 
-4.2 1.3 20.050000 
-4.2 1.4 17.450000 
-4.2 1.5 75.050000 
-4.2 1.6 92.500000 
-4.2 1.7 25.350000 
-4.2 1.8 97.600000 
-4.2 1.9 98.500000 
-4.2 2.0 98.900000 
-3.6 1.0 18.300000 
-3.6 1.1 21.300000 
-3.6 1.2 25.000000 
-3.6 1.3 19.200000 
-3.6 1.4 21.850000 
-3.6 1.5 80.400000 
-3.6 1.6 12.650000 
-3.6 1.7 94.200000 
-3.6 1.8 90.550000 
-3.6 1.9 98.500000 
-3.6 2.0 98.900000 
-3.0 1.0 17.900000 
-3.0 1.1 18.200000 
-3.0 1.2 17.800000 
-3.0 1.3 30.500000 
-3.0 1.4 42.150000 
-3.0 1.5 81.450000 
-3.0 1.6 88.100000 
-3.0 1.7 90.050000 
-3.0 1.8 94.750000 
-3.0 1.9 98.250000 
-3.0 2.0 98.800000 
-2.4 1.0 8.000000 
-2.4 1.1 17.450000 
-2.4 1.2 24.150000 
-2.4 1.3 23.900000 
-2.4 1.4 39.300000 
-2.4 1.5 10.200000 
-2.4 1.6 91.700000 
-2.4 1.7 93.700000 
-2.4 1.8 95.800000 
-2.4 1.9 97.350000 
-2.4 2.0 98.850000 
-1.8 1.0 13.850000 
-1.8 1.1 13.050000 
-1.8 1.2 22.100000 
-1.8 1.3 27.050000 
-1.8 1.4 22.500000 
-1.8 1.5 84.150000 
-1.8 1.6 90.500000 
-1.8 1.7 84.350000 
-1.8 1.8 93.000000 
-1.8 1.9 97.900000 
-1.8 2.0 98.450000 
-1.2 1.0 12.550000 
-1.2 1.1 7.500000 
-1.2 1.2 7.850000 
-1.2 1.3 8.850000 
-1.2 1.4 38.900000 
-1.2 1.5 7.600000 
-1.2 1.6 87.600000 
-1.2 1.7 88.300000 
-1.2 1.8 92.750000 
-1.2 1.9 96.100000 
-1.2 2.0 98.550000 
-0.6 1.0 6.100000 
-0.6 1.1 7.000000 
-0.6 1.2 7.650000 
-0.6 1.3 13.950000 
-0.6 1.4 23.600000 
-0.6 1.5 32.300000 
-0.6 1.6 88.700000 
-0.6 1.7 92.350000 
-0.6 1.8 94.600000 
-0.6 1.9 95.400000 
-0.6 2.0 97.050000 
0.0 1.0 5.550000 
0.0 1.1 9.150000 
0.0 1.2 6.400000 
0.0 1.3 14.700000 
0.0 1.4 10.550000 
0.0 1.5 7.150000 
0.0 1.6 81.050000 
0.0 1.7 87.950000 
0.0 1.8 90.100000 
0.0 1.9 91.700000 
0.0 2.0 91.550000 
