-6.0 1.0 1.133333 
-6.0 1.2 2.066667 
-6.0 1.4 0.433333 
-6.0 1.6 0.500000 
-6.0 1.8 0.666667 
-6.0 2.0 0.433333 
-6.0 2.2 0.466667 
-6.0 2.4 1.033333 
-6.0 2.6 0.566667 
-6.0 2.8 1.466667 
-6.0 3.0 0.666667 
-5.4 1.0 0.266667 
-5.4 1.2 1.633333 
-5.4 1.4 1.566667 
-5.4 1.6 0.466667 
-5.4 1.8 2.400000 
-5.4 2.0 0.533333 
-5.4 2.2 0.500000 
-5.4 2.4 0.766667 
-5.4 2.6 1.033333 
-5.4 2.8 0.700000 
-5.4 3.0 1.000000 
-4.8 1.0 1.066667 
-4.8 1.2 1.466667 
-4.8 1.4 0.533333 
-4.8 1.6 0.500000 
-4.8 1.8 0.533333 
-4.8 2.0 0.866667 
-4.8 2.2 0.833333 
-4.8 2.4 0.533333 
-4.8 2.6 1.500000 
-4.8 2.8 1.166667 
-4.8 3.0 0.833333 
-4.2 1.0 1.133333 
-4.2 1.2 1.366667 
-4.2 1.4 1.066667 
-4.2 1.6 1.700000 
-4.2 1.8 0.733333 
-4.2 2.0 0.600000 
-4.2 2.2 0.733333 
-4.2 2.4 1.033333 
-4.2 2.6 0.700000 
-4.2 2.8 0.833333 
-4.2 3.0 1.666667 
-3.6 1.0 0.966667 
-3.6 1.2 0.733333 
-3.6 1.4 0.866667 
-3.6 1.6 0.500000 
-3.6 1.8 0.466667 
-3.6 2.0 1.233333 
-3.6 2.2 0.766667 
-3.6 2.4 1.433333 
-3.6 2.6 0.833333 
-3.6 2.8 1.700000 
-3.6 3.0 1.666667 
-3.0 1.0 1.100000 
-3.0 1.2 1.100000 
-3.0 1.4 0.933333 
-3.0 1.6 0.466667 
-3.0 1.8 0.666667 
-3.0 2.0 0.700000 
-3.0 2.2 0.800000 
-3.0 2.4 1.600000 
-3.0 2.6 0.833333 
-3.0 2.8 1.000000 
-3.0 3.0 1.266667 
-2.4 1.0 0.966667 
-2.4 1.2 0.866667 
-2.4 1.4 1.066667 
-2.4 1.6 0.600000 
-2.4 1.8 0.733333 
-2.4 2.0 0.633333 
-2.4 2.2 0.666667 
-2.4 2.4 0.933333 
-2.4 2.6 0.633333 
-2.4 2.8 2.133333 
-2.4 3.0 1.000000 
-1.8 1.0 0.466667 
-1.8 1.2 1.400000 
-1.8 1.4 1.633333 
-1.8 1.6 0.866667 
-1.8 1.8 0.733333 
-1.8 2.0 1.500000 
-1.8 2.2 0.700000 
-1.8 2.4 1.466667 
-1.8 2.6 1.400000 
-1.8 2.8 1.566667 
-1.8 3.0 1.566667 
-1.2 1.0 0.500000 
-1.2 1.2 0.400000 
-1.2 1.4 0.333333 
-1.2 1.6 0.533333 
-1.2 1.8 0.500000 
-1.2 2.0 1.033333 
-1.2 2.2 99.666667 
-1.2 2.4 1.066667 
-1.2 2.6 2.066667 
-1.2 2.8 0.933333 
-1.2 3.0 1.533333 
-0.6 1.0 0.266667 
-0.6 1.2 0.400000 
-0.6 1.4 1.033333 
-0.6 1.6 0.533333 
-0.6 1.8 0.533333 
-0.6 2.0 0.600000 
-0.6 2.2 2.266667 
-0.6 2.4 0.833333 
-0.6 2.6 2.733333 
-0.6 2.8 2.333333 
-0.6 3.0 2.100000 
0.0 1.0 0.366667 
0.0 1.2 0.866667 
0.0 1.4 0.966667 
0.0 1.6 0.400000 
0.0 1.8 1.633333 
0.0 2.0 1.933333 
0.0 2.2 2.233333 
0.0 2.4 1.866667 
0.0 2.6 1.066667 
0.0 2.8 3.266667 
0.0 3.0 1.533333 
