-200.00 1.00 53.700000 
-200.00 2.50 52.500000 
-200.00 4.00 52.700000 
-200.00 5.50 56.900000 
-200.00 7.00 60.300000 
-200.00 8.50 62.400000 
-200.00 10.00 58.100000 
-200.00 11.50 60.100000 
-200.00 13.00 60.500000 
-200.00 14.50 100.000000 
-200.00 16.00 61.400000 
-180.00 1.00 52.800000 
-180.00 2.50 54.700000 
-180.00 4.00 56.300000 
-180.00 5.50 60.200000 
-180.00 7.00 60.400000 
-180.00 8.50 57.500000 
-180.00 10.00 57.900000 
-180.00 11.50 60.000000 
-180.00 13.00 60.700000 
-180.00 14.50 59.800000 
-180.00 16.00 60.300000 
-160.00 1.00 50.700000 
-160.00 2.50 56.200000 
-160.00 4.00 52.200000 
-160.00 5.50 56.700000 
-160.00 7.00 60.400000 
-160.00 8.50 60.600000 
-160.00 10.00 55.100000 
-160.00 11.50 60.200000 
-160.00 13.00 61.100000 
-160.00 14.50 57.500000 
-160.00 16.00 55.000000 
-140.00 1.00 49.100000 
-140.00 2.50 48.800000 
-140.00 4.00 54.500000 
-140.00 5.50 59.300000 
-140.00 7.00 61.000000 
-140.00 8.50 54.200000 
-140.00 10.00 54.700000 
-140.00 11.50 56.700000 
-140.00 13.00 61.600000 
-140.00 14.50 58.500000 
-140.00 16.00 99.100000 
-120.00 1.00 49.600000 
-120.00 2.50 50.500000 
-120.00 4.00 51.700000 
-120.00 5.50 56.100000 
-120.00 7.00 57.000000 
-120.00 8.50 57.600000 
-120.00 10.00 59.600000 
-120.00 11.50 58.900000 
-120.00 13.00 51.800000 
-120.00 14.50 59.200000 
-120.00 16.00 99.100000 
-100.00 1.00 50.600000 
-100.00 2.50 50.200000 
-100.00 4.00 53.800000 
-100.00 5.50 58.100000 
-100.00 7.00 58.300000 
-100.00 8.50 56.200000 
-100.00 10.00 58.600000 
-100.00 11.50 57.800000 
-100.00 13.00 55.400000 
-100.00 14.50 52.600000 
-100.00 16.00 99.300000 
-80.00 1.00 46.600000 
-80.00 2.50 50.900000 
-80.00 4.00 56.300000 
-80.00 5.50 53.600000 
-80.00 7.00 56.300000 
-80.00 8.50 51.900000 
-80.00 10.00 57.500000 
-80.00 11.50 57.100000 
-80.00 13.00 58.000000 
-80.00 14.50 35.600000 
-80.00 16.00 58.700000 
-60.00 1.00 38.600000 
-60.00 2.50 17.200000 
-60.00 4.00 44.700000 
-60.00 5.50 52.600000 
-60.00 7.00 98.400000 
-60.00 8.50 50.200000 
-60.00 10.00 99.700000 
-60.00 11.50 52.300000 
-60.00 13.00 99.500000 
-60.00 14.50 99.300000 
-60.00 16.00 99.400000 
-40.00 1.00 18.900000 
-40.00 2.50 50.300000 
-40.00 4.00 23.900000 
-40.00 5.50 22.600000 
-40.00 7.00 25.800000 
-40.00 8.50 98.600000 
-40.00 10.00 99.200000 
-40.00 11.50 99.300000 
-40.00 13.00 99.200000 
-40.00 14.50 97.400000 
-40.00 16.00 99.400000 
-20.00 1.00 7.600000 
-20.00 2.50 7.500000 
-20.00 4.00 8.900000 
-20.00 5.50 11.700000 
-20.00 7.00 26.300000 
-20.00 8.50 99.200000 
-20.00 10.00 99.300000 
-20.00 11.50 95.500000 
-20.00 13.00 96.500000 
-20.00 14.50 33.400000 
-20.00 16.00 95.000000 
0.00 1.00 2.900000 
0.00 2.50 7.000000 
0.00 4.00 6.400000 
0.00 5.50 6.800000 
0.00 7.00 15.600000 
0.00 8.50 12.700000 
0.00 10.00 15.700000 
0.00 11.50 13.000000 
0.00 13.00 69.400000 
0.00 14.50 75.300000 
0.00 16.00 72.200000 
