-3.0 1.00 13.952736 
-3.0 1.05 16.348333 
-3.0 1.10 21.301392 
-3.0 1.15 24.053092 
-3.0 1.20 34.930398 
-3.0 1.25 55.390094 
-3.0 1.30 94.917449 
-3.0 1.35 95.597281 
-3.0 1.40 96.406604 
-3.0 1.45 96.795079 
-3.0 1.50 97.313046 
-2.7 1.00 13.952736 
-2.7 1.05 16.348333 
-2.7 1.10 21.301392 
-2.7 1.15 24.053092 
-2.7 1.20 34.930398 
-2.7 1.25 55.390094 
-2.7 1.30 94.917449 
-2.7 1.35 95.597281 
-2.7 1.40 96.406604 
-2.7 1.45 96.795079 
-2.7 1.50 97.313046 
-2.4 1.00 13.952736 
-2.4 1.05 16.348333 
-2.4 1.10 21.301392 
-2.4 1.15 24.053092 
-2.4 1.20 34.930398 
-2.4 1.25 55.390094 
-2.4 1.30 94.917449 
-2.4 1.35 95.597281 
-2.4 1.40 96.406604 
-2.4 1.45 96.795079 
-2.4 1.50 97.313046 
-2.1 1.00 13.596633 
-2.1 1.05 16.024603 
-2.1 1.10 20.880544 
-2.1 1.15 24.020719 
-2.1 1.20 35.124636 
-2.1 1.25 54.613143 
-2.1 1.30 94.885076 
-2.1 1.35 95.597281 
-2.1 1.40 96.406604 
-2.1 1.45 96.795079 
-2.1 1.50 97.313046 
-1.8 1.00 13.596633 
-1.8 1.05 16.024603 
-1.8 1.10 20.848171 
-1.8 1.15 23.955973 
-1.8 1.20 33.214633 
-1.8 1.25 54.451279 
-1.8 1.30 94.885076 
-1.8 1.35 95.564908 
-1.8 1.40 96.406604 
-1.8 1.45 96.795079 
-1.8 1.50 97.313046 
-1.5 1.00 13.531887 
-1.5 1.05 15.506636 
-1.5 1.10 20.135966 
-1.5 1.15 23.923600 
-1.5 1.20 26.772418 
-1.5 1.25 54.613143 
-1.5 1.30 94.885076 
-1.5 1.35 95.564908 
-1.5 1.40 96.406604 
-1.5 1.45 96.730333 
-1.5 1.50 97.183555 
-1.2 1.00 12.819683 
-1.2 1.05 15.765620 
-1.2 1.10 19.294270 
-1.2 1.15 23.535125 
-1.2 1.20 26.319197 
-1.2 1.25 54.418906 
-1.2 1.30 94.885076 
-1.2 1.35 95.564908 
-1.2 1.40 96.406604 
-1.2 1.45 96.795079 
-1.2 1.50 97.215927 
-0.9 1.00 12.107478 
-0.9 1.05 16.833927 
-0.9 1.10 18.517320 
-0.9 1.15 22.369699 
-0.9 1.20 24.635804 
-0.9 1.25 53.836193 
-0.9 1.30 94.626093 
-0.9 1.35 95.305924 
-0.9 1.40 96.147621 
-0.9 1.45 96.568469 
-0.9 1.50 97.248300 
-0.6 1.00 11.524765 
-0.6 1.05 15.409518 
-0.6 1.10 17.999353 
-0.6 1.15 21.657494 
-0.6 1.20 23.891227 
-0.6 1.25 46.260926 
-0.6 1.30 93.816769 
-0.6 1.35 94.690838 
-0.6 1.40 95.597281 
-0.6 1.45 95.888637 
-0.6 1.50 96.406604 
-0.3 1.00 9.841373 
-0.3 1.05 14.114600 
-0.3 1.10 16.477825 
-0.3 1.15 20.330204 
-0.3 1.20 23.081904 
-0.3 1.25 42.797022 
-0.3 1.30 92.813208 
-0.3 1.35 93.849142 
-0.3 1.40 94.723211 
-0.3 1.45 95.046941 
-0.3 1.50 95.759145 
0.0 1.00 9.129168 
0.0 1.05 12.722564 
0.0 1.10 15.441891 
0.0 1.15 18.970541 
0.0 1.20 21.301392 
0.0 1.25 41.663969 
0.0 1.30 90.870832 
0.0 1.35 91.550664 
0.0 1.40 92.295241 
0.0 1.45 93.072192 
0.0 1.50 93.525413 
