-2.0 1.00 46.791444 
-2.0 1.05 23.128342 
-2.0 1.10 91.042781 
-2.0 1.15 93.850267 
-2.0 1.20 93.983957 
-2.0 1.25 94.385027 
-2.0 1.30 94.652406 
-2.0 1.35 95.320856 
-2.0 1.40 96.657754 
-2.0 1.45 96.791444 
-2.0 1.50 95.588235 
-1.8 1.00 46.122995 
-1.8 1.05 27.673797 
-1.8 1.10 89.839572 
-1.8 1.15 92.647059 
-1.8 1.20 93.716578 
-1.8 1.25 93.716578 
-1.8 1.30 93.449198 
-1.8 1.35 93.850267 
-1.8 1.40 94.251337 
-1.8 1.45 94.518717 
-1.8 1.50 95.588235 
-1.6 1.00 46.524064 
-1.6 1.05 79.946524 
-1.6 1.10 85.160428 
-1.6 1.15 88.636364 
-1.6 1.20 87.566845 
-1.6 1.25 88.368984 
-1.6 1.30 88.101604 
-1.6 1.35 87.032086 
-1.6 1.40 87.032086 
-1.6 1.45 87.566845 
-1.6 1.50 86.898396 
-1.4 1.00 45.721925 
-1.4 1.05 81.684492 
-1.4 1.10 85.160428 
-1.4 1.15 88.636364 
-1.4 1.20 87.165775 
-1.4 1.25 88.101604 
-1.4 1.30 87.566845 
-1.4 1.35 87.165775 
-1.4 1.40 87.032086 
-1.4 1.45 87.700535 
-1.4 1.50 87.566845 
-1.2 1.00 10.695187 
-1.2 1.05 82.620321 
-1.2 1.10 85.828877 
-1.2 1.15 88.101604 
-1.2 1.20 88.770053 
-1.2 1.25 87.700535 
-1.2 1.30 87.433155 
-1.2 1.35 87.165775 
-1.2 1.40 87.165775 
-1.2 1.45 87.032086 
-1.2 1.50 87.433155 
-1.0 1.00 9.625668 
-1.0 1.05 10.561497 
-1.0 1.10 10.828877 
-1.0 1.15 10.294118 
-1.0 1.20 16.978610 
-1.0 1.25 10.294118 
-1.0 1.30 18.983957 
-1.0 1.35 18.315508 
-1.0 1.40 17.914439 
-1.0 1.45 24.197861 
-1.0 1.50 10.962567 
-0.8 1.00 9.224599 
-0.8 1.05 11.764706 
-0.8 1.10 11.096257 
-0.8 1.15 10.561497 
-0.8 1.20 12.032086 
-0.8 1.25 17.112299 
-0.8 1.30 15.641711 
-0.8 1.35 24.732620 
-0.8 1.40 18.048128 
-0.8 1.45 24.598930 
-0.8 1.50 25.935829 
-0.6 1.00 8.823529 
-0.6 1.05 12.700535 
-0.6 1.10 12.433155 
-0.6 1.15 11.497326 
-0.6 1.20 16.176471 
-0.6 1.25 16.443850 
-0.6 1.30 19.385027 
-0.6 1.35 18.048128 
-0.6 1.40 19.117647 
-0.6 1.45 22.994652 
-0.6 1.50 15.240642 
-0.4 1.00 8.288770 
-0.4 1.05 12.299465 
-0.4 1.10 12.165775 
-0.4 1.15 10.962567 
-0.4 1.20 10.962567 
-0.4 1.25 11.096257 
-0.4 1.30 17.513369 
-0.4 1.35 20.454545 
-0.4 1.40 17.245989 
-0.4 1.45 21.925134 
-0.4 1.50 21.524064 
-0.2 1.00 6.951872 
-0.2 1.05 10.962567 
-0.2 1.10 9.759358 
-0.2 1.15 9.224599 
-0.2 1.20 13.101604 
-0.2 1.25 11.096257 
-0.2 1.30 20.187166 
-0.2 1.35 21.791444 
-0.2 1.40 29.411765 
-0.2 1.45 30.080214 
-0.2 1.50 29.010695 
0.0 1.00 6.951872 
0.0 1.05 9.625668 
0.0 1.10 10.294118 
0.0 1.15 12.165775 
0.0 1.20 11.631016 
0.0 1.25 11.497326 
0.0 1.30 14.171123 
0.0 1.35 13.770053 
0.0 1.40 19.518717 
0.0 1.45 29.144385 
0.0 1.50 29.545455 
