-5.0 1.0 1.160000 
-5.0 1.2 1.820000 
-5.0 1.4 2.880000 
-5.0 1.6 2.600000 
-5.0 1.8 3.040000 
-5.0 2.0 3.200000 
-5.0 2.2 3.300000 
-5.0 2.4 3.140000 
-5.0 2.6 3.340000 
-5.0 2.8 3.440000 
-5.0 3.0 3.420000 
-4.5 1.0 1.200000 
-4.5 1.2 1.860000 
-4.5 1.4 2.820000 
-4.5 1.6 3.000000 
-4.5 1.8 3.180000 
-4.5 2.0 3.120000 
-4.5 2.2 3.120000 
-4.5 2.4 3.300000 
-4.5 2.6 3.420000 
-4.5 2.8 3.600000 
-4.5 3.0 3.440000 
-4.0 1.0 0.840000 
-4.0 1.2 1.900000 
-4.0 1.4 2.740000 
-4.0 1.6 2.480000 
-4.0 1.8 3.000000 
-4.0 2.0 3.100000 
-4.0 2.2 3.320000 
-4.0 2.4 3.340000 
-4.0 2.6 3.320000 
-4.0 2.8 3.320000 
-4.0 3.0 3.340000 
-3.5 1.0 1.080000 
-3.5 1.2 2.060000 
-3.5 1.4 3.040000 
-3.5 1.6 2.680000 
-3.5 1.8 3.000000 
-3.5 2.0 3.140000 
-3.5 2.2 3.200000 
-3.5 2.4 3.600000 
-3.5 2.6 3.440000 
-3.5 2.8 3.680000 
-3.5 3.0 3.840000 
-3.0 1.0 1.240000 
-3.0 1.2 2.000000 
-3.0 1.4 2.380000 
-3.0 1.6 2.580000 
-3.0 1.8 3.380000 
-3.0 2.0 3.040000 
-3.0 2.2 3.360000 
-3.0 2.4 3.500000 
-3.0 2.6 3.660000 
-3.0 2.8 97.800000 
-3.0 3.0 3.560000 
-2.5 1.0 1.280000 
-2.5 1.2 1.940000 
-2.5 1.4 2.500000 
-2.5 1.6 2.660000 
-2.5 1.8 3.360000 
-2.5 2.0 3.200000 
-2.5 2.2 3.240000 
-2.5 2.4 3.420000 
-2.5 2.6 4.120000 
-2.5 2.8 3.520000 
-2.5 3.0 3.460000 
-2.0 1.0 1.300000 
-2.0 1.2 2.340000 
-2.0 1.4 2.800000 
-2.0 1.6 2.780000 
-2.0 1.8 3.180000 
-2.0 2.0 98.240000 
-2.0 2.2 3.580000 
-2.0 2.4 3.740000 
-2.0 2.6 4.040000 
-2.0 2.8 93.620000 
-2.0 3.0 3.600000 
-1.5 1.0 1.320000 
-1.5 1.2 2.000000 
-1.5 1.4 2.540000 
-1.5 1.6 2.920000 
-1.5 1.8 3.320000 
-1.5 2.0 3.040000 
-1.5 2.2 3.620000 
-1.5 2.4 3.820000 
-1.5 2.6 3.700000 
-1.5 2.8 3.920000 
-1.5 3.0 98.500000 
-1.0 1.0 1.280000 
-1.0 1.2 2.380000 
-1.0 1.4 2.760000 
-1.0 1.6 2.340000 
-1.0 1.8 3.020000 
-1.0 2.0 2.800000 
-1.0 2.2 3.000000 
-1.0 2.4 2.960000 
-1.0 2.6 3.920000 
-1.0 2.8 3.480000 
-1.0 3.0 4.400000 
-0.5 1.0 1.260000 
-0.5 1.2 2.400000 
-0.5 1.4 3.000000 
-0.5 1.6 2.400000 
-0.5 1.8 2.420000 
-0.5 2.0 3.100000 
-0.5 2.2 3.060000 
-0.5 2.4 4.200000 
-0.5 2.6 4.420000 
-0.5 2.8 3.800000 
-0.5 3.0 5.000000 
0.0 1.0 1.140000 
0.0 1.2 2.080000 
0.0 1.4 2.600000 
0.0 1.6 3.380000 
0.0 1.8 2.700000 
0.0 2.0 2.760000 
0.0 2.2 3.160000 
0.0 2.4 4.320000 
0.0 2.6 5.320000 
0.0 2.8 4.440000 
0.0 3.0 4.260000 
