85.86208	85.37934	85.72414	86.06894
1.133201	0.601228	0.888559	1.725511
82.13796	82.62068	81.72414	82.20688
1.315762	1.124789	1.174423	0.774152
82.75864	82.89656	82.89654	83.0345
1.962798	1.504631	1.626183	1.26037
78.4138	78.13792	78.62068	78.8276
1.186528	1.206409	1.090448	1.166293
99.89512	99.89512	99.8951	99.8951
0.085634	0.085634	0.139875	0.139875
94.54544	94.6853	94.47552	94.6853
0.927733	0.746656	0.998797	0.746656
95.87412	95.87412	96.08392	96.08392
0.621569	0.436706	0.591327	0.621563
91.014	91.22376	91.32868	91.36362
0.591324	0.389336	0.888695	0.631318
96.60776	96.96112	96.81978	97.31446
0.479287	0.761171	0.387057	0.692459
90.8834	91.3074	90.74206	91.5901
0.41206	0.616096	0.68519	1.272083
92.57952	92.79154	93.3569	93.07418
1.948266	2.043358	1.505828	1.256264
89.25796	88.83392	89.46994	89.82332
1.130751	1.174091	1.602221	0.877
99.72378	99.72378	99.77904	99.72376
0.174716	0.174716	0.11048	0.247086
94.58564	94.6409	94.69614	94.69614
1.217973	1.179775	1.252549	1.252549
97.56904	97.45856	98.01104	97.9558
0.662988	0.914524	0.535642	0.595024
92.98344	93.1492	93.14918	93.20444
1.27912	0.639548	0.931055	0.812007
73.07688	73.4615	73.33332	73.4615
0.993072	0.314025	1.188949	1.439104
67.69234	69.35898	70.5128	68.84612
3.07692	2.544794	0.70218	2.010812
72.94868	73.0769	73.4615	73.2051
1.242984	0.810808	0.314025	0.747528
71.15386	70.89744	71.53846	71.79486
1.344621	1.319946	0.869542	1.072646
80.66666	80.83334	79.83334	81.16668
1.105531	1.748021	1.333343	1.353999
77.83334	79.33334	79.16666	79.5
3.009239	4.42216	2.981439	3.231788
77.5	78.16666	78.33334	78.83334
3.205878	2.198512	2.687411	3.009259
76.83334	77.5	75.83334	78
1.9293	1.490708	3.496009	1.545578
70.8834	70.8834	71.44878	71.51944
0.9894	0.9894	0.565378	0.28268
67.34982	67.91518	68.4099	68.6219
3.730202	2.482575	2.252601	2.205552
71.30742	70.24734	71.30742	71.51944
0.14136	2.089308	0.565378	0.28268
69.11662	69.25796	69.32862	69.32862
0.282685	0.446972	0.56536	0.56536
92.04682	92.28074	92.63162	92.63158
0.793261	1.006128	0.793261	1.718912
89.23978	89.4737	89.4737	90.40938
0.950188	1.333549	1.524972	0.793261
89.70762	88.77194	90.87722	90.17546
1.019634	2.039267	0.596381	1.006128
86.43274	86.31578	86.90058	87.25146
1.302411	1.363976	1.145969	0.859477
64.84848	66.30302	64.96968	65.09092
1.580423	2.806275	0.969715	1.653106
61.2121	61.69698	61.69696	62.18182
1.533238	2.1479	1.454547	1.247961
59.0303	60.96968	61.21214	60.48484
4.54506	2.672151	4.001833	2.006401
59.51516	59.27272	60.1212	61.0909
2.344121	3.624202	1.893371	2.406003
100	100	100	100
0	0	0	0
94.4681	95	95	95
0.457586	0.615731	0.615731	0.615731
95.62498	96.25	96.64062	96.71874
1.490524	0.975765	0.765451	0.724483
89.68748	88.90624	89.6875	90.3125
1.006579	1.514899	1.200179	0.518223
99.29134	99.29134	99.29134	99.29134
0.294618	0.294618	0.294618	0.294618
91.9786	92.29946	92.24598	92.51336
0.845505	1.651686	0.65492	1.36336
95.43308	95.43308	96.4567	95.98426
1.443328	1.331614	1.386361	1.372879
90.47246	91.02364	90.86616	91.41734
1.254909	1.372879	1.178472	0.840713
99.86804	99.84838	99.91296	99.88208
0.107866	0.089401	0.096604	0.137993
94.6238	94.74452	94.83996	94.854
0.194922	0.19983	0.154955	0.123534
93.57384	93.5514	95.1881	95.13476
0.362082	0.360037	0.151267	0.15211
88.36888	88.29028	89.25042	89.2448
0.346216	0.189472	0.208277	0.214973
80.92592	81.29628	82.22224	82.40744
4.327137	3.767957	4.279352	3.312701
75.74076	79.25926	78.33336	78.88888
1.97726	4.482846	2.38595	3.581314
75.55556	76.4815	77.4074	79.07408
3.910879	3.343613	4.558723	1.25599
73.7037	72.03704	72.96296	74.44444
1.994526	4.475206	1.079817	1.994518
91.93	91.9467	90.9414	91.76894
0.299382	0.213661	0.472391	0.26264
87.07582	87.11472	86.6315	87.09248
0.491964	0.517442	0.497272	0.919932
87.58124	87.87004	87.98668	88.1033
0.316836	0.244237	0.26322	0.27913
83.60456	83.96558	83.65456	84.02666
0.534062	0.591099	0.3251	0.837617
96.2227	96.06176	96.50188	96.19312
0.192629	0.218481	0.307076	0.328346
91.41404	91.5487	91.37134	91.45344
0.444029	0.272573	0.720281	0.328907
91.08228	91.05272	91.125	91.2235
0.291575	0.27194	0.360793	0.300448
87.01922	87.0422	87.16046	87.36082
0.47083	0.372034	0.48669	0.23332
77.5862	78.16092	77.12646	77.75864
2.04811	1.41942	0.591705	1.037662
75.05748	75.28736	74.71262	75.1724
1.126195	1.542127	1.714515	1.240638
76.14944	76.4368	76.4368	76.4368
0.57472	0	0	0
72.81608	72.8161	72.47126	73.04598
0.919534	1.240638	1.315547	1.400684
97.40498	97.45836	97.57148	97.65314
0.304982	0.190959	0.345686	0.184691
92.54474	92.60446	92.7427	92.92806
0.16818	0.149471	0.24316	0.188611
97.0782	97.0782	97.0782	97.0782
0	0	0	0
92.40654	92.29658	92.38768	92.41282
0.04169	0.192026	0.0829	0.052578
