-3.000000 1.000000 5.920000 2.326994 -0.063585
-3.000000 1.200000 7.330000 2.351484 -0.071358
-3.000000 1.400000 9.650000 2.376368 -0.060907
-3.000000 1.600000 24.390000 2.431601 -0.025424
-3.000000 1.800000 52.120000 2.424219 -0.033325
-3.000000 2.000000 76.980000 2.472859 0.010881
-3.000000 2.200000 89.310000 2.562266 -0.010065
-3.000000 2.400000 95.190000 2.562835 -0.022143
-3.000000 2.600000 98.120000 2.572448 0.007404
-3.000000 2.800000 99.090000 2.587784 0.008872
-3.000000 3.000000 99.100000 2.593870 0.010808
-2.700000 1.000000 5.860000 2.323636 -0.060554
-2.700000 1.200000 7.290000 2.351911 -0.070257
-2.700000 1.400000 9.650000 2.375196 -0.060593
-2.700000 1.600000 24.390000 2.431595 -0.025424
-2.700000 1.800000 52.120000 2.425543 -0.032357
-2.700000 2.000000 76.980000 2.472672 0.010948
-2.700000 2.200000 89.310000 2.561939 -0.009987
-2.700000 2.400000 95.190000 2.562500 -0.022067
-2.700000 2.600000 98.120000 2.571853 0.008047
-2.700000 2.800000 99.090000 2.587213 0.009518
-2.700000 3.000000 99.100000 2.593268 0.011448
-2.400000 1.000000 5.860000 2.323636 -0.060554
-2.400000 1.200000 7.290000 2.351911 -0.070257
-2.400000 1.400000 9.640000 2.375972 -0.060787
-2.400000 1.600000 24.380000 2.431206 -0.025302
-2.400000 1.800000 52.120000 2.425523 -0.032357
-2.400000 2.000000 76.980000 2.472672 0.010948
-2.400000 2.200000 89.310000 2.561939 -0.009987
-2.400000 2.400000 95.190000 2.562500 -0.022067
-2.400000 2.600000 98.120000 2.571853 0.008047
-2.400000 2.800000 99.090000 2.587213 0.009518
-2.400000 3.000000 99.100000 2.593268 0.011448
-2.100000 1.000000 5.830000 2.327842 -0.059568
-2.100000 1.200000 7.280000 2.354572 -0.070071
-2.100000 1.400000 9.630000 2.375972 -0.060784
-2.100000 1.600000 24.230000 2.444263 -0.023506
-2.100000 1.800000 52.090000 2.429670 -0.035095
-2.100000 2.000000 76.980000 2.472672 0.009956
-2.100000 2.200000 89.310000 2.561934 -0.010754
-2.100000 2.400000 95.190000 2.562496 -0.022834
-2.100000 2.600000 98.120000 2.571847 0.007280
-2.100000 2.800000 99.090000 2.587208 0.008751
-2.100000 3.000000 99.100000 2.593264 0.010681
-1.800000 1.000000 5.710000 2.330988 -0.058334
-1.800000 1.200000 7.200000 2.342539 -0.077485
-1.800000 1.400000 9.460000 2.360290 -0.066638
-1.800000 1.600000 23.370000 2.440526 -0.033687
-1.800000 1.800000 50.590000 2.433142 -0.029435
-1.800000 2.000000 76.130000 2.478404 0.015616
-1.800000 2.200000 89.310000 2.560060 -0.008272
-1.800000 2.400000 95.190000 2.560609 -0.020367
-1.800000 2.600000 98.120000 2.569889 0.009772
-1.800000 2.800000 99.090000 2.585340 0.011217
-1.800000 3.000000 99.100000 2.591398 0.013180
-1.500000 1.000000 5.590000 2.351808 -0.052591
-1.500000 1.200000 7.090000 2.362476 -0.074247
-1.500000 1.400000 9.400000 2.367819 -0.065592
-1.500000 1.600000 22.680000 2.492801 -0.035197
-1.500000 1.800000 50.530000 2.459940 -0.035750
-1.500000 2.000000 76.860000 2.502728 0.018207
-1.500000 2.200000 88.430000 2.571365 -0.001156
-1.500000 2.400000 95.190000 2.558750 -0.020623
-1.500000 2.600000 98.120000 2.568383 0.009589
-1.500000 2.800000 99.090000 2.583645 0.010938
-1.500000 3.000000 99.100000 2.589576 0.012860
-1.200000 1.000000 5.180000 2.307709 -0.031811
-1.200000 1.200000 7.110000 2.354469 -0.073333
-1.200000 1.400000 9.090000 2.355967 -0.069837
-1.200000 1.600000 22.120000 2.481235 -0.034195
-1.200000 1.800000 48.010000 2.447682 -0.025234
-1.200000 2.000000 76.800000 2.477379 0.006276
-1.200000 2.200000 88.420000 2.571861 0.002418
-1.200000 2.400000 95.200000 2.572593 -0.016373
-1.200000 2.600000 98.120000 2.582526 0.014061
-1.200000 2.800000 99.090000 2.597681 0.015287
-1.200000 3.000000 99.100000 2.603531 0.017286
-0.900000 1.000000 4.800000 2.271317 -0.028948
-0.900000 1.200000 6.640000 2.324570 -0.064842
-0.900000 1.400000 8.230000 2.331114 -0.058357
-0.900000 1.600000 18.510000 2.374047 -0.043064
-0.900000 1.800000 44.650000 2.480351 -0.008186
-0.900000 2.000000 74.260000 2.486635 0.017479
-0.900000 2.200000 89.280000 2.556993 0.002149
-0.900000 2.400000 95.200000 2.554606 -0.013326
-0.900000 2.600000 98.120000 2.563044 0.016453
-0.900000 2.800000 99.090000 2.577969 0.017805
-0.900000 3.000000 99.100000 2.584258 0.019661
-0.600000 1.000000 4.490000 2.269206 -0.030461
-0.600000 1.200000 6.360000 2.351824 -0.061421
-0.600000 1.400000 8.000000 2.332221 -0.059841
-0.600000 1.600000 16.840000 2.364828 -0.051949
-0.600000 1.800000 44.130000 2.430796 -0.013486
-0.600000 2.000000 73.560000 2.457270 0.000644
-0.600000 2.200000 88.390000 2.555950 -0.008716
-0.600000 2.400000 94.360000 2.560006 -0.013531
-0.600000 2.600000 98.110000 2.564393 0.011992
-0.600000 2.800000 99.080000 2.578553 0.012844
-0.600000 3.000000 99.090000 2.584917 0.014709
-0.300000 1.000000 4.150000 2.256337 -0.025265
-0.300000 1.200000 6.040000 2.359457 -0.065103
-0.300000 1.400000 7.810000 2.332324 -0.057887
-0.300000 1.600000 17.850000 2.405920 -0.041982
-0.300000 1.800000 45.190000 2.456960 -0.000471
-0.300000 2.000000 73.430000 2.435453 -0.004597
-0.300000 2.200000 85.790000 2.536668 -0.029761
-0.300000 2.400000 94.820000 2.576351 -0.029983
-0.300000 2.600000 97.740000 2.579516 -0.003198
-0.300000 2.800000 98.720000 2.596500 0.003747
-0.300000 3.000000 98.760000 2.591805 0.007872
0.000000 1.000000 3.810000 2.175246 -0.039626
0.000000 1.200000 5.530000 2.323373 -0.083113
0.000000 1.400000 7.520000 2.268511 -0.054953
0.000000 1.600000 15.940000 2.337647 -0.034899
0.000000 1.800000 42.800000 2.336906 -0.007701
0.000000 2.000000 67.660000 2.451535 -0.008970
0.000000 2.200000 83.320000 2.597036 0.000013
0.000000 2.400000 92.490000 2.634118 -0.010012
0.000000 2.600000 96.160000 2.631414 0.011173
0.000000 2.800000 98.030000 2.647993 0.015167
0.000000 3.000000 98.050000 2.657955 0.018245
