-3.000000 1.000000 5.272000 2.435855 -0.002015
-3.000000 1.200000 6.860000 2.436070 0.001094
-3.000000 1.400000 11.236000 2.477997 0.006388
-3.000000 1.600000 57.628000 2.445396 -0.003121
-3.000000 1.800000 93.338000 2.508446 -0.018082
-3.000000 2.000000 98.358000 2.495428 -0.018302
-3.000000 2.200000 99.564000 2.497834 -0.019797
-3.000000 2.400000 99.896000 2.494754 -0.018570
-3.000000 2.600000 99.978000 2.495537 -0.018092
-3.000000 2.800000 99.998000 2.495113 -0.018215
-3.000000 3.000000 100.000000 2.495061 -0.018185
-2.700000 1.000000 5.176000 2.433904 -0.001716
-2.700000 1.200000 6.746000 2.438320 -0.003123
-2.700000 1.400000 10.948000 2.470876 0.003471
-2.700000 1.600000 56.764000 2.443424 -0.006478
-2.700000 1.800000 93.340000 2.508791 -0.018215
-2.700000 2.000000 98.360000 2.497009 -0.018539
-2.700000 2.200000 99.562000 2.499488 -0.019380
-2.700000 2.400000 99.896000 2.495993 -0.018182
-2.700000 2.600000 99.978000 2.496734 -0.017716
-2.700000 2.800000 99.998000 2.496313 -0.017857
-2.700000 3.000000 100.000000 2.496099 -0.017835
-2.400000 1.000000 5.032000 2.438580 -0.000370
-2.400000 1.200000 6.600000 2.433956 -0.002146
-2.400000 1.400000 10.574000 2.452684 0.007670
-2.400000 1.600000 54.524000 2.450471 -0.011899
-2.400000 1.800000 93.338000 2.506257 -0.017923
-2.400000 2.000000 98.360000 2.497310 -0.018608
-2.400000 2.200000 99.564000 2.499209 -0.019825
-2.400000 2.400000 99.896000 2.495657 -0.018275
-2.400000 2.600000 99.976000 2.496312 -0.017169
-2.400000 2.800000 99.998000 2.495599 -0.017254
-2.400000 3.000000 100.000000 2.495255 -0.017202
-2.100000 1.000000 4.786000 2.433914 -0.000385
-2.100000 1.200000 6.376000 2.431208 -0.003915
-2.100000 1.400000 10.222000 2.462481 0.003359
-2.100000 1.600000 53.208000 2.441029 -0.010735
-2.100000 1.800000 92.468000 2.510621 -0.019426
-2.100000 2.000000 98.356000 2.497076 -0.019219
-2.100000 2.200000 99.564000 2.498757 -0.019929
-2.100000 2.400000 99.896000 2.496048 -0.018359
-2.100000 2.600000 99.976000 2.496275 -0.017064
-2.100000 2.800000 99.998000 2.495494 -0.017170
-2.100000 3.000000 100.000000 2.495166 -0.017100
-1.800000 1.000000 4.472000 2.434218 -0.009325
-1.800000 1.200000 6.148000 2.433490 -0.009565
-1.800000 1.400000 9.882000 2.460121 0.001278
-1.800000 1.600000 52.502000 2.428924 -0.011211
-1.800000 1.800000 92.444000 2.508884 -0.020515
-1.800000 2.000000 98.360000 2.496544 -0.020289
-1.800000 2.200000 99.566000 2.497583 -0.020500
-1.800000 2.400000 99.894000 2.497121 -0.017804
-1.800000 2.600000 99.976000 2.496219 -0.017069
-1.800000 2.800000 99.998000 2.495202 -0.017153
-1.800000 3.000000 100.000000 2.495408 -0.017124
-1.500000 1.000000 3.998000 2.410506 -0.009831
-1.500000 1.200000 5.870000 2.428195 -0.008727
-1.500000 1.400000 9.226000 2.444868 -0.004145
-1.500000 1.600000 46.958000 2.429908 -0.003172
-1.500000 1.800000 91.624000 2.504472 -0.018439
-1.500000 2.000000 98.358000 2.498425 -0.020064
-1.500000 2.200000 99.568000 2.498218 -0.020056
-1.500000 2.400000 99.894000 2.496029 -0.018003
-1.500000 2.600000 99.978000 2.495662 -0.017858
-1.500000 2.800000 99.998000 2.495737 -0.017692
-1.500000 3.000000 100.000000 2.495808 -0.017646
-1.200000 1.000000 3.436000 2.387357 -0.000928
-1.200000 1.200000 5.354000 2.396487 -0.011519
-1.200000 1.400000 8.342000 2.439209 -0.002170
-1.200000 1.600000 43.112000 2.440167 -0.005005
-1.200000 1.800000 90.732000 2.493818 -0.015883
-1.200000 2.000000 98.354000 2.498825 -0.019825
-1.200000 2.200000 99.568000 2.496667 -0.020342
-1.200000 2.400000 99.896000 2.495420 -0.017346
-1.200000 2.600000 99.978000 2.495647 -0.017398
-1.200000 2.800000 99.998000 2.495887 -0.017570
-1.200000 3.000000 100.000000 2.495734 -0.017466
-0.900000 1.000000 2.884000 2.330507 0.001714
-0.900000 1.200000 4.844000 2.382163 -0.017559
-0.900000 1.400000 7.656000 2.428648 -0.005964
-0.900000 1.600000 38.036000 2.409461 -0.017458
-0.900000 1.800000 89.184000 2.478786 -0.013637
-0.900000 2.000000 98.360000 2.500732 -0.020554
-0.900000 2.200000 99.566000 2.495006 -0.020232
-0.900000 2.400000 99.898000 2.494389 -0.017488
-0.900000 2.600000 99.978000 2.494476 -0.017886
-0.900000 2.800000 99.998000 2.494224 -0.017925
-0.900000 3.000000 100.000000 2.494007 -0.017878
-0.600000 1.000000 2.468000 2.324400 -0.000911
-0.600000 1.200000 4.098000 2.361168 -0.014716
-0.600000 1.400000 6.650000 2.422254 -0.001267
-0.600000 1.600000 34.308000 2.398390 -0.015951
-0.600000 1.800000 84.954000 2.459302 -0.021810
-0.600000 2.000000 96.492000 2.492860 -0.019484
-0.600000 2.200000 99.524000 2.498253 -0.020750
-0.600000 2.400000 99.862000 2.496399 -0.017345
-0.600000 2.600000 99.940000 2.495064 -0.017568
-0.600000 2.800000 99.964000 2.494108 -0.018107
-0.600000 3.000000 99.966000 2.493998 -0.017957
-0.300000 1.000000 2.022000 2.266203 -0.003132
-0.300000 1.200000 3.518000 2.350017 -0.020885
-0.300000 1.400000 5.752000 2.372059 -0.004634
-0.300000 1.600000 25.418000 2.418853 -0.015069
-0.300000 1.800000 79.214000 2.441196 -0.016239
-0.300000 2.000000 94.284000 2.486294 -0.019764
-0.300000 2.200000 99.182000 2.489176 -0.020619
-0.300000 2.400000 99.522000 2.494710 -0.016366
-0.300000 2.600000 99.604000 2.495001 -0.016278
-0.300000 2.800000 99.622000 2.494664 -0.016335
-0.300000 3.000000 99.628000 2.494143 -0.016325
0.000000 1.000000 1.612000 2.263135 -0.015946
0.000000 1.200000 2.996000 2.359871 -0.033743
0.000000 1.400000 5.276000 2.368867 -0.002343
0.000000 1.600000 20.990000 2.391168 -0.014674
0.000000 1.800000 77.788000 2.440669 -0.020218
0.000000 2.000000 95.366000 2.489512 -0.023382
0.000000 2.200000 96.580000 2.478671 -0.024432
0.000000 2.400000 97.852000 2.490502 -0.020383
0.000000 2.600000 97.936000 2.497336 -0.020406
0.000000 2.800000 97.960000 2.492791 -0.020825
0.000000 3.000000 97.958000 2.493757 -0.020505
