-3.000000 1.000000 4.765000 2.473883 0.049045
-3.000000 1.200000 6.273000 2.487058 0.040018
-3.000000 1.400000 11.779000 2.469460 0.037433
-3.000000 1.600000 76.739000 2.472263 0.020940
-3.000000 1.800000 94.247000 2.491083 0.017386
-3.000000 2.000000 98.242000 2.506145 0.017571
-3.000000 2.200000 99.496000 2.500038 0.015547
-3.000000 2.400000 99.864000 2.503426 0.016139
-3.000000 2.600000 99.970000 2.501510 0.016527
-3.000000 2.800000 99.995000 2.502239 0.016196
-3.000000 3.000000 100.000000 2.501626 0.016205
-2.700000 1.000000 4.669000 2.471267 0.049148
-2.700000 1.200000 6.172000 2.492548 0.044053
-2.700000 1.400000 11.654000 2.484444 0.035765
-2.700000 1.600000 76.726000 2.470522 0.020534
-2.700000 1.800000 94.245000 2.490147 0.017323
-2.700000 2.000000 98.242000 2.506179 0.017754
-2.700000 2.200000 99.498000 2.500880 0.015319
-2.700000 2.400000 99.864000 2.503846 0.016172
-2.700000 2.600000 99.970000 2.501776 0.016566
-2.700000 2.800000 99.994000 2.502532 0.016331
-2.700000 3.000000 100.000000 2.501991 0.016355
-2.400000 1.000000 4.528000 2.471174 0.048562
-2.400000 1.200000 6.076000 2.492708 0.045119
-2.400000 1.400000 11.142000 2.484053 0.034289
-2.400000 1.600000 76.746000 2.471268 0.020218
-2.400000 1.800000 94.226000 2.488821 0.017208
-2.400000 2.000000 98.247000 2.506426 0.017353
-2.400000 2.200000 99.497000 2.500786 0.015688
-2.400000 2.400000 99.865000 2.504156 0.016107
-2.400000 2.600000 99.970000 2.502224 0.016628
-2.400000 2.800000 99.994000 2.502356 0.016609
-2.400000 3.000000 100.000000 2.502616 0.016538
-2.100000 1.000000 4.246000 2.468181 0.054585
-2.100000 1.200000 5.857000 2.494146 0.046236
-2.100000 1.400000 10.489000 2.474256 0.041388
-2.100000 1.600000 75.218000 2.469629 0.022585
-2.100000 1.800000 94.218000 2.489292 0.017769
-2.100000 2.000000 98.246000 2.507599 0.016944
-2.100000 2.200000 99.495000 2.499984 0.015321
-2.100000 2.400000 99.865000 2.504921 0.015434
-2.100000 2.600000 99.970000 2.504065 0.015953
-2.100000 2.800000 99.994000 2.504316 0.016025
-2.100000 3.000000 100.000000 2.504504 0.016183
-1.800000 1.000000 3.875000 2.458509 0.053627
-1.800000 1.200000 5.570000 2.501787 0.049063
-1.800000 1.400000 9.706000 2.495592 0.042136
-1.800000 1.600000 73.841000 2.475137 0.023822
-1.800000 1.800000 94.223000 2.487675 0.016960
-1.800000 2.000000 98.243000 2.508072 0.017400
-1.800000 2.200000 99.496000 2.500402 0.015311
-1.800000 2.400000 99.865000 2.506107 0.015589
-1.800000 2.600000 99.970000 2.503946 0.016064
-1.800000 2.800000 99.994000 2.504911 0.016011
-1.800000 3.000000 100.000000 2.504550 0.016144
-1.500000 1.000000 3.370000 2.451749 0.055562
-1.500000 1.200000 5.211000 2.488795 0.052835
-1.500000 1.400000 8.724000 2.507009 0.051479
-1.500000 1.600000 69.466000 2.486385 0.031237
-1.500000 1.800000 94.223000 2.487543 0.016015
-1.500000 2.000000 98.250000 2.508358 0.017320
-1.500000 2.200000 99.499000 2.501661 0.014368
-1.500000 2.400000 99.866000 2.506448 0.016060
-1.500000 2.600000 99.970000 2.504703 0.016404
-1.500000 2.800000 99.994000 2.505289 0.016613
-1.500000 3.000000 100.000000 2.504847 0.016491
-1.200000 1.000000 2.804000 2.430811 0.056518
-1.200000 1.200000 4.758000 2.484932 0.051898
-1.200000 1.400000 7.625000 2.511036 0.049616
-1.200000 1.600000 66.487000 2.493050 0.029665
-1.200000 1.800000 94.233000 2.488534 0.016021
-1.200000 2.000000 98.249000 2.508508 0.016875
-1.200000 2.200000 99.495000 2.502853 0.014381
-1.200000 2.400000 99.864000 2.504836 0.015678
-1.200000 2.600000 99.969000 2.503515 0.016097
-1.200000 2.800000 99.993000 2.503077 0.016143
-1.200000 3.000000 99.999000 2.502358 0.016371
-0.900000 1.000000 2.210000 2.424098 0.056593
-0.900000 1.200000 3.942000 2.459810 0.056237
-0.900000 1.400000 6.678000 2.529247 0.053765
-0.900000 1.600000 57.635000 2.498233 0.027924
-0.900000 1.800000 93.341000 2.498590 0.018457
-0.900000 2.000000 98.250000 2.508344 0.017989
-0.900000 2.200000 99.494000 2.501588 0.014817
-0.900000 2.400000 99.859000 2.505447 0.015705
-0.900000 2.600000 99.964000 2.502584 0.016918
-0.900000 2.800000 99.988000 2.502462 0.017116
-0.900000 3.000000 99.994000 2.501752 0.017301
-0.600000 1.000000 1.816000 2.420701 0.051488
-0.600000 1.200000 3.071000 2.446863 0.060921
-0.600000 1.400000 5.662000 2.519155 0.054182
-0.600000 1.600000 48.728000 2.478605 0.038026
-0.600000 1.800000 93.258000 2.500496 0.020948
-0.600000 2.000000 98.185000 2.508739 0.017351
-0.600000 2.200000 99.450000 2.500305 0.015847
-0.600000 2.400000 99.814000 2.504688 0.016418
-0.600000 2.600000 99.919000 2.502917 0.016896
-0.600000 2.800000 99.943000 2.502720 0.016826
-0.600000 3.000000 99.949000 2.502024 0.016820
-0.300000 1.000000 1.459000 2.398184 0.063304
-0.300000 1.200000 2.469000 2.431852 0.060776
-0.300000 1.400000 4.871000 2.495779 0.053752
-0.300000 1.600000 40.014000 2.484710 0.042866
-0.300000 1.800000 89.446000 2.480792 0.022839
-0.300000 2.000000 97.860000 2.509588 0.017581
-0.300000 2.200000 99.146000 2.505289 0.015971
-0.300000 2.400000 99.523000 2.506485 0.016937
-0.300000 2.600000 99.633000 2.502730 0.017247
-0.300000 2.800000 99.657000 2.503372 0.017076
-0.300000 3.000000 99.665000 2.503071 0.017088
0.000000 1.000000 1.178000 2.315351 0.063828
0.000000 1.200000 2.010000 2.411170 0.068080
0.000000 1.400000 4.257000 2.484924 0.056393
0.000000 1.600000 34.582000 2.498903 0.041747
0.000000 1.800000 87.039000 2.501666 0.021736
0.000000 2.000000 96.272000 2.521176 0.016111
0.000000 2.200000 97.572000 2.507121 0.015239
0.000000 2.400000 97.945000 2.508417 0.015705
0.000000 2.600000 98.060000 2.509301 0.015826
0.000000 2.800000 98.083000 2.505991 0.014259
0.000000 3.000000 98.090000 2.504851 0.015147
