-3.000000 1.000000 75.846770
-3.000000 1.100000 75.967740
-3.000000 1.200000 76.008080
-3.000000 1.300000 75.927440
-3.000000 1.400000 76.008090
-3.000000 1.500000 76.048410
-3.000000 1.600000 76.008090
-3.000000 1.700000 76.048410
-3.000000 1.800000 75.967760
-3.000000 1.900000 76.129050
-3.000000 2.000000 76.088720
-2.700000 1.000000 75.846780
-2.700000 1.100000 75.967740
-2.700000 1.200000 76.008080
-2.700000 1.300000 75.927440
-2.700000 1.400000 76.008090
-2.700000 1.500000 76.048410
-2.700000 1.600000 76.008090
-2.700000 1.700000 76.048410
-2.700000 1.800000 75.967760
-2.700000 1.900000 76.129050
-2.700000 2.000000 76.088720
-2.400000 1.000000 75.766140
-2.400000 1.100000 75.967740
-2.400000 1.200000 76.008080
-2.400000 1.300000 75.927440
-2.400000 1.400000 76.008090
-2.400000 1.500000 76.048410
-2.400000 1.600000 76.008090
-2.400000 1.700000 76.048410
-2.400000 1.800000 75.967760
-2.400000 1.900000 76.129050
-2.400000 2.000000 76.088720
-2.100000 1.000000 75.806460
-2.100000 1.100000 75.887100
-2.100000 1.200000 75.967750
-2.100000 1.300000 75.887110
-2.100000 1.400000 75.967760
-2.100000 1.500000 76.008080
-2.100000 1.600000 75.967760
-2.100000 1.700000 76.048410
-2.100000 1.800000 75.967760
-2.100000 1.900000 76.129050
-2.100000 2.000000 76.088720
-1.800000 1.000000 76.088720
-1.800000 1.100000 75.927420
-1.800000 1.200000 75.927430
-1.800000 1.300000 75.927440
-1.800000 1.400000 76.008090
-1.800000 1.500000 76.008090
-1.800000 1.600000 75.967760
-1.800000 1.700000 76.048410
-1.800000 1.800000 76.008080
-1.800000 1.900000 76.129050
-1.800000 2.000000 76.088720
-1.500000 1.000000 75.766130
-1.500000 1.100000 76.008070
-1.500000 1.200000 76.008070
-1.500000 1.300000 75.967750
-1.500000 1.400000 76.008080
-1.500000 1.500000 76.008080
-1.500000 1.600000 76.008080
-1.500000 1.700000 75.967760
-1.500000 1.800000 75.967750
-1.500000 1.900000 76.088720
-1.500000 2.000000 76.008070
-1.200000 1.000000 68.185490
-1.200000 1.100000 73.508070
-1.200000 1.200000 75.967750
-1.200000 1.300000 76.129040
-1.200000 1.400000 76.008080
-1.200000 1.500000 75.967760
-1.200000 1.600000 76.008080
-1.200000 1.700000 75.806470
-1.200000 1.800000 75.887110
-1.200000 1.900000 75.887110
-1.200000 2.000000 75.967750
-0.900000 1.000000 64.153240
-0.900000 1.100000 60.483880
-0.900000 1.200000 59.838710
-0.900000 1.300000 60.524210
-0.900000 1.400000 60.201600
-0.900000 1.500000 59.879020
-0.900000 1.600000 60.645140
-0.900000 1.700000 61.129030
-0.900000 1.800000 60.443540
-0.900000 1.900000 60.241930
-0.900000 2.000000 60.362900
-0.600000 1.000000 65.322580
-0.600000 1.100000 60.120960
-0.600000 1.200000 60.080640
-0.600000 1.300000 60.201620
-0.600000 1.400000 59.435480
-0.600000 1.500000 59.274180
-0.600000 1.600000 60.040310
-0.600000 1.700000 60.766140
-0.600000 1.800000 60.806450
-0.600000 1.900000 60.201610
-0.600000 2.000000 60.080650
-0.300000 1.000000 64.637100
-0.300000 1.100000 59.919350
-0.300000 1.200000 59.637090
-0.300000 1.300000 59.193530
-0.300000 1.400000 58.629020
-0.300000 1.500000 59.314530
-0.300000 1.600000 60.241950
-0.300000 1.700000 59.798380
-0.300000 1.800000 61.169350
-0.300000 1.900000 61.814520
-0.300000 2.000000 60.403230
0.000000 1.000000 65.443530
0.000000 1.100000 60.403210
0.000000 1.200000 59.475780
0.000000 1.300000 59.233860
0.000000 1.400000 58.991930
0.000000 1.500000 58.951610
0.000000 1.600000 59.717730
0.000000 1.700000 61.088700
0.000000 1.800000 59.798390
0.000000 1.900000 60.846760
0.000000 2.000000 60.725810
