0.01 -2 1.1 0.00001 55.2941
0.01 -2 1.1 0.0001 55.2941
0.01 -2 1.1 0.001 55.2941
0.01 -2 1.1 0.01 55.2941
0.01 -2 1.1 0.1 55.2941
0.01 -2 1.1 1 55.2941
0.01 -2 1.1 10 55.2941
0.01 -2 1.5 0.00001 55.2941
0.01 -2 1.5 0.0001 55.2941
0.01 -2 1.5 0.001 55.2941
0.01 -2 1.5 0.01 55.2941
0.01 -2 1.5 0.1 55.2941
0.01 -2 1.5 1 55.2941
0.01 -2 1.5 10 55.2941
0.01 -2 2 0.00001 55.2941
0.01 -2 2 0.0001 55.2941
0.01 -2 2 0.001 55.2941
0.01 -2 2 0.01 55.2941
0.01 -2 2 0.1 55.2941
0.01 -2 2 1 55.2941
0.01 -2 2 10 55.2941
0.01 -1 1.1 0.00001 55.2941
0.01 -1 1.1 0.0001 55.2941
0.01 -1 1.1 0.001 55.2941
0.01 -1 1.1 0.01 55.2941
0.01 -1 1.1 0.1 55.2941
0.01 -1 1.1 1 55.2941
0.01 -1 1.1 10 55.2941
0.01 -1 1.5 0.00001 55.2941
0.01 -1 1.5 0.0001 55.2941
0.01 -1 1.5 0.001 55.2941
0.01 -1 1.5 0.01 55.2941
0.01 -1 1.5 0.1 55.2941
0.01 -1 1.5 1 55.2941
0.01 -1 1.5 10 55.2941
0.01 -1 2 0.00001 55.2941
0.01 -1 2 0.0001 55.2941
0.01 -1 2 0.001 55.2941
0.01 -1 2 0.01 55.2941
0.01 -1 2 0.1 55.2941
0.01 -1 2 1 55.2941
0.01 -1 2 10 55.2941
0.01 -0.5 1.1 0.00001 55.2941
0.01 -0.5 1.1 0.0001 55.2941
0.01 -0.5 1.1 0.001 55.2941
0.01 -0.5 1.1 0.01 55.2941
0.01 -0.5 1.1 0.1 55.2941
0.01 -0.5 1.1 1 55.2941
0.01 -0.5 1.1 10 55.2941
0.01 -0.5 1.5 0.00001 55.2941
0.01 -0.5 1.5 0.0001 55.2941
0.01 -0.5 1.5 0.001 55.2941
0.01 -0.5 1.5 0.01 55.2941
0.01 -0.5 1.5 0.1 55.2941
0.01 -0.5 1.5 1 55.2941
0.01 -0.5 1.5 10 55.2941
0.01 -0.5 2 0.00001 55.2941
0.01 -0.5 2 0.0001 55.2941
0.01 -0.5 2 0.001 55.2941
0.01 -0.5 2 0.01 55.2941
0.01 -0.5 2 0.1 55.2941
0.01 -0.5 2 1 55.2941
0.01 -0.5 2 10 55.2941
0.1 -2 1.1 0.00001 55.2941
0.1 -2 1.1 0.0001 55.2941
0.1 -2 1.1 0.001 55.2941
0.1 -2 1.1 0.01 55.2941
0.1 -2 1.1 0.1 79.4118
0.1 -2 1.1 1 55.2941
0.1 -2 1.1 10 55.2941
0.1 -2 1.5 0.00001 55.2941
0.1 -2 1.5 0.0001 55.2941
0.1 -2 1.5 0.001 55.2941
0.1 -2 1.5 0.01 55.2941
0.1 -2 1.5 0.1 79.4118
0.1 -2 1.5 1 55.2941
0.1 -2 1.5 10 55.2941
0.1 -2 2 0.00001 55.2941
0.1 -2 2 0.0001 55.2941
0.1 -2 2 0.001 55.2941
0.1 -2 2 0.01 55.2941
0.1 -2 2 0.1 79.4118
0.1 -2 2 1 55.2941
0.1 -2 2 10 55.2941
0.1 -1 1.1 0.00001 55.2941
0.1 -1 1.1 0.0001 55.2941
0.1 -1 1.1 0.001 55.2941
0.1 -1 1.1 0.01 55.2941
0.1 -1 1.1 0.1 79.4118
0.1 -1 1.1 1 55.2941
0.1 -1 1.1 10 55.2941
0.1 -1 1.5 0.00001 55.2941
0.1 -1 1.5 0.0001 55.2941
0.1 -1 1.5 0.001 55.2941
0.1 -1 1.5 0.01 55.2941
0.1 -1 1.5 0.1 79.4118
0.1 -1 1.5 1 55.2941
0.1 -1 1.5 10 55.2941
0.1 -1 2 0.00001 55.2941
0.1 -1 2 0.0001 55.2941
0.1 -1 2 0.001 55.2941
0.1 -1 2 0.01 55.2941
0.1 -1 2 0.1 79.4118
0.1 -1 2 1 55.2941
0.1 -1 2 10 55.2941
0.1 -0.5 1.1 0.00001 55.2941
0.1 -0.5 1.1 0.0001 55.2941
0.1 -0.5 1.1 0.001 55.2941
0.1 -0.5 1.1 0.01 55.2941
0.1 -0.5 1.1 0.1 78.8235
0.1 -0.5 1.1 1 55.2941
0.1 -0.5 1.1 10 55.2941
0.1 -0.5 1.5 0.00001 55.2941
0.1 -0.5 1.5 0.0001 55.2941
0.1 -0.5 1.5 0.001 55.2941
0.1 -0.5 1.5 0.01 55.2941
0.1 -0.5 1.5 0.1 78.8235
0.1 -0.5 1.5 1 55.2941
0.1 -0.5 1.5 10 55.2941
0.1 -0.5 2 0.00001 55.2941
0.1 -0.5 2 0.0001 55.2941
0.1 -0.5 2 0.001 55.2941
0.1 -0.5 2 0.01 55.2941
0.1 -0.5 2 0.1 78.8235
0.1 -0.5 2 1 55.2941
0.1 -0.5 2 10 55.2941
1 -2 1.1 0.00001 55.2941
1 -2 1.1 0.0001 55.2941
1 -2 1.1 0.001 55.2941
1 -2 1.1 0.01 81.1765
1 -2 1.1 0.1 78.8235
1 -2 1.1 1 74.1176
1 -2 1.1 10 56.4706
1 -2 1.5 0.00001 55.2941
1 -2 1.5 0.0001 55.2941
1 -2 1.5 0.001 55.2941
1 -2 1.5 0.01 78.8235
1 -2 1.5 0.1 77.0588
1 -2 1.5 1 74.1176
1 -2 1.5 10 56.4706
1 -2 2 0.00001 55.2941
1 -2 2 0.0001 55.2941
1 -2 2 0.001 55.2941
1 -2 2 0.01 78.8235
1 -2 2 0.1 77.0588
1 -2 2 1 74.1176
1 -2 2 10 56.4706
1 -1 1.1 0.00001 55.2941
1 -1 1.1 0.0001 55.2941
1 -1 1.1 0.001 55.2941
1 -1 1.1 0.01 80.5882
1 -1 1.1 0.1 78.8235
1 -1 1.1 1 74.1176
1 -1 1.1 10 56.4706
1 -1 1.5 0.00001 55.2941
1 -1 1.5 0.0001 55.2941
1 -1 1.5 0.001 55.2941
1 -1 1.5 0.01 80
1 -1 1.5 0.1 76.4706
1 -1 1.5 1 74.1176
1 -1 1.5 10 56.4706
1 -1 2 0.00001 55.2941
1 -1 2 0.0001 55.2941
1 -1 2 0.001 55.2941
1 -1 2 0.01 80
1 -1 2 0.1 76.4706
1 -1 2 1 74.1176
1 -1 2 10 56.4706
1 -0.5 1.1 0.00001 55.2941
1 -0.5 1.1 0.0001 55.2941
1 -0.5 1.1 0.001 55.2941
1 -0.5 1.1 0.01 80
1 -0.5 1.1 0.1 80
1 -0.5 1.1 1 75.2941
1 -0.5 1.1 10 56.4706
1 -0.5 1.5 0.00001 55.2941
1 -0.5 1.5 0.0001 55.2941
1 -0.5 1.5 0.001 55.2941
1 -0.5 1.5 0.01 79.4118
1 -0.5 1.5 0.1 77.0588
1 -0.5 1.5 1 75.2941
1 -0.5 1.5 10 56.4706
1 -0.5 2 0.00001 55.2941
1 -0.5 2 0.0001 55.2941
1 -0.5 2 0.001 55.2941
1 -0.5 2 0.01 79.4118
1 -0.5 2 0.1 77.0588
1 -0.5 2 1 75.2941
1 -0.5 2 10 56.4706
10 -2 1.1 0.00001 55.2941
10 -2 1.1 0.0001 55.2941
10 -2 1.1 0.001 81.7647
10 -2 1.1 0.01 81.1765
10 -2 1.1 0.1 73.5294
10 -2 1.1 1 71.1765
10 -2 1.1 10 56.4706
10 -2 1.5 0.00001 55.2941
10 -2 1.5 0.0001 55.2941
10 -2 1.5 0.001 80
10 -2 1.5 0.01 81.1765
10 -2 1.5 0.1 74.7059
10 -2 1.5 1 71.1765
10 -2 1.5 10 56.4706
10 -2 2 0.00001 55.2941
10 -2 2 0.0001 55.2941
10 -2 2 0.001 80
10 -2 2 0.01 81.1765
10 -2 2 0.1 77.6471
10 -2 2 1 71.1765
10 -2 2 10 56.4706
10 -1 1.1 0.00001 55.2941
10 -1 1.1 0.0001 55.2941
10 -1 1.1 0.001 80.5882
10 -1 1.1 0.01 81.1765
10 -1 1.1 0.1 74.1176
10 -1 1.1 1 71.1765
10 -1 1.1 10 56.4706
10 -1 1.5 0.00001 55.2941
10 -1 1.5 0.0001 55.2941
10 -1 1.5 0.001 79.4118
10 -1 1.5 0.01 81.7647
10 -1 1.5 0.1 74.7059
10 -1 1.5 1 71.1765
10 -1 1.5 10 56.4706
10 -1 2 0.00001 55.2941
10 -1 2 0.0001 55.2941
10 -1 2 0.001 79.4118
10 -1 2 0.01 79.4118
10 -1 2 0.1 77.6471
10 -1 2 1 71.1765
10 -1 2 10 56.4706
10 -0.5 1.1 0.00001 55.2941
10 -0.5 1.1 0.0001 55.2941
10 -0.5 1.1 0.001 80
10 -0.5 1.1 0.01 82.3529
10 -0.5 1.1 0.1 75.2941
10 -0.5 1.1 1 71.1765
10 -0.5 1.1 10 56.4706
10 -0.5 1.5 0.00001 55.2941
10 -0.5 1.5 0.0001 55.2941
10 -0.5 1.5 0.001 80
10 -0.5 1.5 0.01 80.5882
10 -0.5 1.5 0.1 75.8824
10 -0.5 1.5 1 71.1765
10 -0.5 1.5 10 56.4706
10 -0.5 2 0.00001 55.2941
10 -0.5 2 0.0001 55.2941
10 -0.5 2 0.001 80
10 -0.5 2 0.01 75.2941
10 -0.5 2 0.1 74.7059
10 -0.5 2 1 71.1765
10 -0.5 2 10 56.4706
100 -2 1.1 0.00001 55.2941
100 -2 1.1 0.0001 81.1765
100 -2 1.1 0.001 81.7647
100 -2 1.1 0.01 80.5882
100 -2 1.1 0.1 72.3529
100 -2 1.1 1 71.1765
100 -2 1.1 10 56.4706
100 -2 1.5 0.00001 55.2941
100 -2 1.5 0.0001 80.5882
100 -2 1.5 0.001 81.7647
100 -2 1.5 0.01 77.0588
100 -2 1.5 0.1 72.3529
100 -2 1.5 1 71.1765
100 -2 1.5 10 56.4706
100 -2 2 0.00001 55.2941
100 -2 2 0.0001 80.5882
100 -2 2 0.001 84.1176
100 -2 2 0.01 74.7059
100 -2 2 0.1 74.1176
100 -2 2 1 71.1765
100 -2 2 10 56.4706
100 -1 1.1 0.00001 55.2941
100 -1 1.1 0.0001 81.1765
100 -1 1.1 0.001 80.5882
100 -1 1.1 0.01 78.8235
100 -1 1.1 0.1 72.3529
100 -1 1.1 1 71.1765
100 -1 1.1 10 56.4706
100 -1 1.5 0.00001 55.2941
100 -1 1.5 0.0001 79.4118
100 -1 1.5 0.001 81.1765
100 -1 1.5 0.01 75.8824
100 -1 1.5 0.1 72.3529
100 -1 1.5 1 71.1765
100 -1 1.5 10 56.4706
100 -1 2 0.00001 55.2941
100 -1 2 0.0001 79.4118
100 -1 2 0.001 80.5882
100 -1 2 0.01 76.4706
100 -1 2 0.1 74.1176
100 -1 2 1 71.1765
100 -1 2 10 56.4706
100 -0.5 1.1 0.00001 55.2941
100 -0.5 1.1 0.0001 80
100 -0.5 1.1 0.001 79.4118
100 -0.5 1.1 0.01 73.5294
100 -0.5 1.1 0.1 72.3529
100 -0.5 1.1 1 71.1765
100 -0.5 1.1 10 56.4706
100 -0.5 1.5 0.00001 55.2941
100 -0.5 1.5 0.0001 80
100 -0.5 1.5 0.001 78.8235
100 -0.5 1.5 0.01 75.8824
100 -0.5 1.5 0.1 72.3529
100 -0.5 1.5 1 71.1765
100 -0.5 1.5 10 56.4706
100 -0.5 2 0.00001 55.2941
100 -0.5 2 0.0001 80
100 -0.5 2 0.001 78.2353
100 -0.5 2 0.01 76.4706
100 -0.5 2 0.1 72.3529
100 -0.5 2 1 71.1765
100 -0.5 2 10 56.4706
1000 -2 1.1 0.00001 81.1765
1000 -2 1.1 0.0001 81.7647
1000 -2 1.1 0.001 81.7647
1000 -2 1.1 0.01 69.4118
1000 -2 1.1 0.1 71.7647
1000 -2 1.1 1 71.1765
1000 -2 1.1 10 56.4706
1000 -2 1.5 0.00001 80.5882
1000 -2 1.5 0.0001 81.7647
1000 -2 1.5 0.001 80.5882
1000 -2 1.5 0.01 68.8235
1000 -2 1.5 0.1 70.5882
1000 -2 1.5 1 71.1765
1000 -2 1.5 10 56.4706
1000 -2 2 0.00001 80.5882
1000 -2 2 0.0001 84.7059
1000 -2 2 0.001 76.4706
1000 -2 2 0.01 74.7059
1000 -2 2 0.1 72.3529
1000 -2 2 1 71.1765
1000 -2 2 10 56.4706
1000 -1 1.1 0.00001 81.1765
1000 -1 1.1 0.0001 79.4118
1000 -1 1.1 0.001 78.2353
1000 -1 1.1 0.01 71.1765
1000 -1 1.1 0.1 71.7647
1000 -1 1.1 1 71.1765
1000 -1 1.1 10 56.4706
1000 -1 1.5 0.00001 79.4118
1000 -1 1.5 0.0001 81.1765
1000 -1 1.5 0.001 76.4706
1000 -1 1.5 0.01 70.5882
1000 -1 1.5 0.1 70.5882
1000 -1 1.5 1 71.1765
1000 -1 1.5 10 56.4706
1000 -1 2 0.00001 79.4118
1000 -1 2 0.0001 80.5882
1000 -1 2 0.001 74.1176
1000 -1 2 0.01 55.8824
1000 -1 2 0.1 72.3529
1000 -1 2 1 71.1765
1000 -1 2 10 56.4706
1000 -0.5 1.1 0.00001 80
1000 -0.5 1.1 0.0001 78.2353
1000 -0.5 1.1 0.001 76.4706
1000 -0.5 1.1 0.01 73.5294
1000 -0.5 1.1 0.1 71.7647
1000 -0.5 1.1 1 71.1765
1000 -0.5 1.1 10 56.4706
1000 -0.5 1.5 0.00001 80
1000 -0.5 1.5 0.0001 79.4118
1000 -0.5 1.5 0.001 74.1176
1000 -0.5 1.5 0.01 71.7647
1000 -0.5 1.5 0.1 70.5882
1000 -0.5 1.5 1 71.1765
1000 -0.5 1.5 10 56.4706
1000 -0.5 2 0.00001 80
1000 -0.5 2 0.0001 78.8235
1000 -0.5 2 0.001 78.8235
1000 -0.5 2 0.01 68.8235
1000 -0.5 2 0.1 72.3529
1000 -0.5 2 1 71.1765
1000 -0.5 2 10 56.4706
10000 -2 1.1 0.00001 80.5882
10000 -2 1.1 0.0001 76.4706
10000 -2 1.1 0.001 76.4706
10000 -2 1.1 0.01 70
10000 -2 1.1 0.1 71.7647
10000 -2 1.1 1 71.1765
10000 -2 1.1 10 56.4706
10000 -2 1.5 0.00001 81.7647
10000 -2 1.5 0.0001 77.6471
10000 -2 1.5 0.001 71.7647
10000 -2 1.5 0.01 67.0588
10000 -2 1.5 0.1 70.5882
10000 -2 1.5 1 71.1765
10000 -2 1.5 10 56.4706
10000 -2 2 0.00001 82.9412
10000 -2 2 0.0001 78.2353
10000 -2 2 0.001 70
10000 -2 2 0.01 70
10000 -2 2 0.1 72.3529
10000 -2 2 1 71.1765
10000 -2 2 10 56.4706
10000 -1 1.1 0.00001 79.4118
10000 -1 1.1 0.0001 74.7059
10000 -1 1.1 0.001 74.7059
10000 -1 1.1 0.01 69.4118
10000 -1 1.1 0.1 71.7647
10000 -1 1.1 1 71.1765
10000 -1 1.1 10 56.4706
10000 -1 1.5 0.00001 81.7647
10000 -1 1.5 0.0001 75.8824
10000 -1 1.5 0.001 74.7059
10000 -1 1.5 0.01 66.4706
10000 -1 1.5 0.1 70.5882
10000 -1 1.5 1 71.1765
10000 -1 1.5 10 56.4706
10000 -1 2 0.00001 80.5882
10000 -1 2 0.0001 74.1176
10000 -1 2 0.001 69.4118
10000 -1 2 0.01 67.6471
10000 -1 2 0.1 72.3529
10000 -1 2 1 71.1765
10000 -1 2 10 56.4706
10000 -0.5 1.1 0.00001 80
10000 -0.5 1.1 0.0001 77.6471
10000 -0.5 1.1 0.001 72.3529
10000 -0.5 1.1 0.01 70
10000 -0.5 1.1 0.1 71.7647
10000 -0.5 1.1 1 71.1765
10000 -0.5 1.1 10 56.4706
10000 -0.5 1.5 0.00001 78.8235
10000 -0.5 1.5 0.0001 74.1176
10000 -0.5 1.5 0.001 71.7647
10000 -0.5 1.5 0.01 68.2353
10000 -0.5 1.5 0.1 70.5882
10000 -0.5 1.5 1 71.1765
10000 -0.5 1.5 10 56.4706
10000 -0.5 2 0.00001 78.8235
10000 -0.5 2 0.0001 69.4118
10000 -0.5 2 0.001 71.7647
10000 -0.5 2 0.01 62.9412
10000 -0.5 2 0.1 72.3529
10000 -0.5 2 1 71.1765
10000 -0.5 2 10 56.4706
